Algorithm Bellman Ford : 
Vertex distance : 0 0
1 14
2 38
3 16
4 32
5 40
6 -10
7 65
8 80
9 29
10 26
11 47
12 126
13 79
14 70
15 72
16 75
17 62
18 -5
19 94
20 176
21 19
22 53
23 12
24 89
25 67
26 90
27 6
28 38
29 64
30 52
31 20
32 39
33 9
34 35
35 38
36 65
37 120
38 56
39 49
40 18
41 30
42 11
43 69
44 76
45 -1
46 15
47 64
48 71
49 56
50 6
51 105
52 62
53 20
54 68
55 34
56 44
57 10
58 72
59 29
60 16
61 58
62 18
63 28
64 6
65 32
66 46
67 35
68 12
69 50
70 53
71 48
72 20
73 43
74 22
75 15
76 5
77 26
78 1
79 20
80 3
81 21
82 1
83 41
84 -1
85 -5
86 -2
87 10
88 -8
89 29
90 23
91 13
92 0
93 5
94 -1
95 16
96 -9
97 -14
98 -10
99 -2
Exec time 0.0093ms 
