Algorithm Bellman Ford : 
Vertex distance : 0 0
1 14
2 38
3 16
4 32
5 40
6 -10
7 65
8 80
9 29
10 26
11 47
12 126
13 79
14 70
15 108
16 120
17 62
18 145
19 108
20 176
21 77
22 53
23 12
24 89
25 109
26 90
27 6
28 89
29 111
30 52
31 20
32 90
33 9
34 35
35 89
36 167
37 120
38 56
39 66
40 71
41 63
42 69
43 119
44 136
45 -1
46 68
47 64
48 104
49 170
50 64
51 219
52 62
53 53
54 115
55 34
56 57
57 131
58 85
59 267
60 176
61 130
62 30
63 126
64 6
65 83
66 79
67 41
68 12
69 131
70 126
71 162
72 118
73 145
74 143
75 86
76 108
77 154
78 290
79 70
80 3
81 128
82 46
83 130
84 84
85 207
86 -2
87 10
88 223
89 80
90 95
91 137
92 95
93 130
94 172
95 166
96 87
97 22
98 98
99 222
100 291
101 53
102 97
103 98
104 208
105 87
106 74
107 47
108 96
109 288
110 302
111 101
112 87
113 86
114 122
115 66
116 75
117 44
118 156
119 64
120 27
121 142
122 103
123 162
124 115
125 242
126 178
127 132
128 4
129 21
130 150
131 152
132 145
133 148
134 336
135 192
136 65
137 64
138 114
139 128
140 89
141 129
142 99
143 93
144 105
145 70
146 149
147 179
148 132
149 -10
150 125
151 81
152 209
153 44
154 82
155 147
156 128
157 97
158 87
159 106
160 113
161 129
162 93
163 160
164 94
165 103
166 162
167 165
168 5
169 109
170 140
171 2
172 205
173 103
174 117
175 90
176 133
177 75
178 120
179 75
180 250
181 114
182 116
183 166
184 118
185 166
186 104
187 131
188 101
189 217
190 148
191 117
192 9
193 167
194 202
195 140
196 121
197 128
198 104
199 272
200 143
201 78
202 313
203 136
204 134
205 107
206 114
207 17
208 125
209 119
210 216
211 117
212 76
213 165
214 111
215 71
216 156
217 342
218 158
219 168
220 126
221 246
222 261
223 71
224 133
225 128
226 14
227 83
228 255
229 150
230 104
231 54
232 157
233 143
234 163
235 82
236 191
237 127
238 243
239 66
240 89
241 71
242 117
243 88
244 -4
245 166
246 336
247 128
248 61
249 181
250 111
251 142
252 85
253 87
254 256
255 80
256 175
257 116
258 52
259 225
260 143
261 84
262 192
263 100
264 101
265 254
266 101
267 29
268 37
269 88
270 123
271 189
272 165
273 255
274 111
275 177
276 134
277 373
278 101
279 104
280 206
281 105
282 114
283 93
284 79
285 133
286 216
287 114
288 179
289 99
290 92
291 133
292 59
293 42
294 163
295 125
296 162
297 112
298 139
299 76
300 147
301 90
302 88
303 118
304 48
305 376
306 130
307 154
308 241
309 263
310 9
311 191
312 55
313 148
314 97
315 32
316 62
317 51
318 57
319 262
320 116
321 81
322 8
323 146
324 137
325 149
326 130
327 132
328 215
329 37
330 21
331 225
332 114
333 299
334 132
335 278
336 77
337 156
338 295
339 47
340 89
341 93
342 107
343 103
344 224
345 203
346 170
347 125
348 139
349 67
350 166
351 175
352 105
353 47
354 37
355 279
356 76
357 212
358 162
359 188
360 148
361 154
362 102
363 193
364 76
365 93
366 136
367 173
368 85
369 68
370 118
371 151
372 -8
373 133
374 195
375 113
376 141
377 296
378 125
379 348
380 57
381 236
382 141
383 113
384 121
385 103
386 78
387 90
388 226
389 238
390 4
391 261
392 238
393 103
394 -14
395 258
396 136
397 105
398 135
399 69
400 146
401 53
402 134
403 107
404 113
405 207
406 80
407 143
408 144
409 140
410 85
411 95
412 187
413 113
414 156
415 289
416 173
417 196
418 104
419 298
420 187
421 119
422 283
423 151
424 101
425 9
426 87
427 76
428 250
429 130
430 67
431 109
432 132
433 123
434 77
435 196
436 99
437 154
438 159
439 31
440 73
441 124
442 26
443 77
444 47
445 28
446 292
447 155
448 415
449 182
450 102
451 80
452 121
453 117
454 67
455 65
456 165
457 118
458 259
459 243
460 121
461 55
462 93
463 146
464 334
465 120
466 134
467 175
468 100
469 328
470 201
471 115
472 136
473 123
474 52
475 172
476 136
477 133
478 83
479 130
480 269
481 60
482 168
483 135
484 34
485 125
486 120
487 226
488 31
489 112
490 125
491 68
492 86
493 81
494 145
495 108
496 149
497 154
498 134
499 120
500 14
501 224
502 94
503 273
504 80
505 294
506 145
507 153
508 82
509 170
510 337
511 113
512 207
513 145
514 178
515 216
516 156
517 206
518 213
519 122
520 116
521 39
522 72
523 151
524 241
525 148
526 20
527 194
528 89
529 97
530 102
531 158
532 135
533 87
534 92
535 91
536 107
537 228
538 197
539 245
540 130
541 120
542 124
543 51
544 134
545 162
546 129
547 50
548 172
549 147
550 46
551 134
552 128
553 141
554 138
555 142
556 262
557 94
558 263
559 24
560 99
561 125
562 139
563 143
564 -19
565 114
566 160
567 142
568 164
569 174
570 158
571 73
572 121
573 189
574 212
575 306
576 147
577 165
578 142
579 32
580 129
581 111
582 81
583 92
584 101
585 131
586 270
587 321
588 92
589 165
590 216
591 182
592 56
593 202
594 184
595 190
596 296
597 220
598 22
599 81
600 180
601 217
602 105
603 148
604 295
605 112
606 56
607 82
608 182
609 143
610 194
611 45
612 156
613 65
614 50
615 124
616 116
617 84
618 151
619 59
620 133
621 195
622 93
623 210
624 104
625 205
626 163
627 268
628 168
629 255
630 127
631 25
632 73
633 132
634 115
635 16
636 216
637 139
638 228
639 152
640 147
641 180
642 206
643 108
644 205
645 11
646 17
647 212
648 261
649 168
650 262
651 168
652 135
653 218
654 121
655 96
656 156
657 111
658 3
659 158
660 168
661 134
662 165
663 146
664 47
665 133
666 10
667 104
668 169
669 43
670 97
671 115
672 98
673 133
674 122
675 70
676 32
677 136
678 52
679 135
680 332
681 -4
682 249
683 137
684 74
685 107
686 164
687 148
688 70
689 177
690 102
691 156
692 93
693 122
694 46
695 170
696 33
697 283
698 148
699 140
700 186
701 134
702 154
703 133
704 287
705 124
706 139
707 106
708 45
709 -5
710 165
711 244
712 70
713 133
714 82
715 104
716 86
717 252
718 215
719 139
720 120
721 122
722 180
723 161
724 206
725 136
726 24
727 130
728 96
729 132
730 243
731 43
732 59
733 68
734 250
735 97
736 148
737 144
738 84
739 138
740 186
741 86
742 291
743 103
744 113
745 90
746 99
747 51
748 48
749 140
750 22
751 197
752 85
753 171
754 93
755 269
756 55
757 152
758 18
759 96
760 148
761 161
762 223
763 15
764 154
765 85
766 227
767 217
768 102
769 113
770 68
771 108
772 27
773 35
774 185
775 129
776 107
777 110
778 171
779 119
780 68
781 285
782 104
783 224
784 224
785 22
786 167
787 96
788 4
789 305
790 96
791 65
792 153
793 83
794 144
795 115
796 136
797 144
798 83
799 30
800 372
801 208
802 3
803 143
804 153
805 247
806 235
807 89
808 213
809 106
810 175
811 161
812 151
813 368
814 141
815 161
816 158
817 134
818 152
819 82
820 183
821 161
822 98
823 223
824 72
825 76
826 179
827 177
828 369
829 176
830 180
831 255
832 162
833 134
834 118
835 112
836 109
837 136
838 108
839 115
840 157
841 79
842 202
843 88
844 85
845 55
846 197
847 104
848 249
849 143
850 88
851 78
852 294
853 136
854 27
855 305
856 160
857 128
858 114
859 151
860 263
861 237
862 136
863 137
864 15
865 164
866 259
867 92
868 134
869 100
870 32
871 107
872 178
873 138
874 126
875 172
876 176
877 48
878 47
879 200
880 62
881 148
882 166
883 322
884 87
885 163
886 16
887 341
888 215
889 99
890 103
891 107
892 138
893 84
894 109
895 55
896 63
897 74
898 51
899 114
900 18
901 96
902 156
903 105
904 49
905 97
906 102
907 148
908 156
909 234
910 97
911 202
912 201
913 211
914 219
915 175
916 73
917 239
918 276
919 97
920 140
921 22
922 213
923 182
924 136
925 82
926 109
927 186
928 211
929 188
930 31
931 136
932 265
933 147
934 165
935 169
936 202
937 135
938 125
939 101
940 113
941 57
942 78
943 115
944 31
945 177
946 153
947 26
948 114
949 162
950 282
951 67
952 25
953 23
954 132
955 110
956 181
957 137
958 133
959 144
960 204
961 94
962 87
963 57
964 227
965 196
966 110
967 132
968 163
969 47
970 -4
971 202
972 264
973 160
974 47
975 185
976 115
977 73
978 235
979 86
980 146
981 265
982 184
983 139
984 229
985 241
986 69
987 251
988 106
989 59
990 20
991 268
992 304
993 135
994 176
995 174
996 126
997 69
998 40
999 -2
1000 76
1001 221
1002 223
1003 284
1004 129
1005 136
1006 38
1007 282
1008 195
1009 87
1010 106
1011 127
1012 292
1013 290
1014 136
1015 121
1016 261
1017 138
1018 73
1019 175
1020 26
1021 137
1022 68
1023 142
1024 74
1025 114
1026 188
1027 148
1028 130
1029 245
1030 184
1031 111
1032 96
1033 199
1034 206
1035 136
1036 36
1037 116
1038 69
1039 311
1040 103
1041 19
1042 107
1043 319
1044 90
1045 216
1046 133
1047 167
1048 92
1049 106
1050 107
1051 102
1052 92
1053 115
1054 172
1055 371
1056 163
1057 189
1058 133
1059 48
1060 277
1061 87
1062 69
1063 122
1064 295
1065 54
1066 124
1067 41
1068 58
1069 227
1070 59
1071 123
1072 47
1073 64
1074 68
1075 250
1076 194
1077 129
1078 126
1079 122
1080 74
1081 202
1082 313
1083 110
1084 152
1085 99
1086 138
1087 136
1088 143
1089 64
1090 152
1091 171
1092 65
1093 129
1094 234
1095 295
1096 193
1097 144
1098 252
1099 163
1100 65
1101 394
1102 170
1103 64
1104 108
1105 226
1106 113
1107 288
1108 192
1109 177
1110 150
1111 188
1112 130
1113 127
1114 47
1115 125
1116 239
1117 391
1118 76
1119 92
1120 66
1121 62
1122 113
1123 198
1124 169
1125 273
1126 134
1127 84
1128 158
1129 155
1130 4
1131 79
1132 126
1133 164
1134 151
1135 183
1136 133
1137 199
1138 153
1139 95
1140 147
1141 226
1142 162
1143 109
1144 70
1145 113
1146 144
1147 20
1148 74
1149 159
1150 97
1151 40
1152 185
1153 143
1154 249
1155 147
1156 181
1157 88
1158 153
1159 213
1160 49
1161 164
1162 271
1163 77
1164 235
1165 80
1166 123
1167 253
1168 192
1169 -19
1170 218
1171 67
1172 145
1173 134
1174 99
1175 225
1176 85
1177 159
1178 167
1179 184
1180 172
1181 89
1182 141
1183 156
1184 235
1185 172
1186 162
1187 234
1188 74
1189 244
1190 140
1191 124
1192 78
1193 147
1194 157
1195 47
1196 24
1197 174
1198 156
1199 129
1200 126
1201 62
1202 108
1203 77
1204 50
1205 248
1206 374
1207 20
1208 116
1209 358
1210 220
1211 -3
1212 61
1213 172
1214 300
1215 111
1216 49
1217 108
1218 180
1219 215
1220 64
1221 297
1222 197
1223 307
1224 152
1225 154
1226 108
1227 92
1228 90
1229 109
1230 190
1231 56
1232 132
1233 33
1234 186
1235 200
1236 197
1237 270
1238 97
1239 136
1240 228
1241 172
1242 168
1243 133
1244 179
1245 119
1246 133
1247 80
1248 157
1249 40
1250 247
1251 316
1252 169
1253 82
1254 124
1255 144
1256 268
1257 124
1258 111
1259 145
1260 56
1261 80
1262 155
1263 101
1264 139
1265 208
1266 173
1267 141
1268 159
1269 269
1270 38
1271 125
1272 157
1273 -14
1274 269
1275 147
1276 229
1277 130
1278 76
1279 136
1280 129
1281 128
1282 292
1283 124
1284 176
1285 131
1286 122
1287 233
1288 160
1289 109
1290 176
1291 112
1292 161
1293 144
1294 181
1295 254
1296 299
1297 172
1298 50
1299 77
1300 159
1301 127
1302 56
1303 130
1304 109
1305 162
1306 156
1307 88
1308 106
1309 228
1310 53
1311 140
1312 86
1313 167
1314 41
1315 180
1316 137
1317 128
1318 98
1319 105
1320 12
1321 85
1322 138
1323 158
1324 171
1325 127
1326 185
1327 108
1328 64
1329 153
1330 201
1331 135
1332 115
1333 129
1334 286
1335 153
1336 292
1337 180
1338 97
1339 152
1340 231
1341 99
1342 66
1343 29
1344 94
1345 159
1346 68
1347 125
1348 40
1349 197
1350 95
1351 56
1352 62
1353 143
1354 142
1355 149
1356 72
1357 151
1358 105
1359 184
1360 176
1361 63
1362 120
1363 98
1364 239
1365 75
1366 72
1367 317
1368 146
1369 336
1370 57
1371 159
1372 157
1373 155
1374 175
1375 182
1376 150
1377 127
1378 176
1379 153
1380 212
1381 76
1382 219
1383 146
1384 132
1385 35
1386 86
1387 146
1388 158
1389 122
1390 131
1391 310
1392 181
1393 194
1394 115
1395 117
1396 282
1397 176
1398 40
1399 166
1400 65
1401 131
1402 182
1403 211
1404 115
1405 141
1406 188
1407 152
1408 232
1409 75
1410 198
1411 95
1412 159
1413 149
1414 140
1415 253
1416 201
1417 177
1418 112
1419 284
1420 60
1421 37
1422 54
1423 162
1424 74
1425 223
1426 164
1427 154
1428 87
1429 76
1430 336
1431 51
1432 96
1433 99
1434 59
1435 73
1436 159
1437 22
1438 116
1439 138
1440 191
1441 241
1442 169
1443 170
1444 143
1445 185
1446 196
1447 138
1448 59
1449 272
1450 115
1451 182
1452 83
1453 56
1454 96
1455 158
1456 136
1457 114
1458 292
1459 78
1460 51
1461 146
1462 221
1463 328
1464 318
1465 138
1466 171
1467 147
1468 158
1469 256
1470 9
1471 175
1472 135
1473 324
1474 306
1475 71
1476 265
1477 285
1478 331
1479 154
1480 183
1481 36
1482 76
1483 50
1484 120
1485 88
1486 123
1487 83
1488 60
1489 74
1490 187
1491 64
1492 98
1493 150
1494 162
1495 336
1496 322
1497 142
1498 52
1499 77
1500 180
1501 169
1502 230
1503 141
1504 189
1505 98
1506 251
1507 191
1508 65
1509 265
1510 25
1511 179
1512 171
1513 173
1514 42
1515 177
1516 313
1517 118
1518 119
1519 129
1520 222
1521 85
1522 194
1523 102
1524 284
1525 85
1526 102
1527 96
1528 104
1529 106
1530 140
1531 212
1532 176
1533 188
1534 140
1535 220
1536 140
1537 98
1538 223
1539 113
1540 135
1541 129
1542 189
1543 50
1544 144
1545 144
1546 180
1547 87
1548 41
1549 90
1550 266
1551 410
1552 178
1553 214
1554 145
1555 211
1556 79
1557 53
1558 47
1559 120
1560 221
1561 281
1562 100
1563 76
1564 304
1565 155
1566 95
1567 155
1568 76
1569 117
1570 74
1571 195
1572 71
1573 82
1574 35
1575 157
1576 179
1577 85
1578 176
1579 159
1580 68
1581 246
1582 282
1583 322
1584 206
1585 229
1586 123
1587 182
1588 64
1589 190
1590 232
1591 130
1592 74
1593 122
1594 284
1595 66
1596 113
1597 86
1598 273
1599 205
1600 171
1601 209
1602 75
1603 60
1604 125
1605 135
1606 288
1607 295
1608 141
1609 93
1610 157
1611 62
1612 185
1613 247
1614 176
1615 221
1616 18
1617 45
1618 130
1619 96
1620 189
1621 162
1622 108
1623 129
1624 80
1625 120
1626 192
1627 142
1628 49
1629 57
1630 68
1631 182
1632 140
1633 164
1634 168
1635 110
1636 171
1637 34
1638 23
1639 58
1640 109
1641 39
1642 337
1643 116
1644 132
1645 100
1646 139
1647 128
1648 155
1649 195
1650 160
1651 64
1652 151
1653 162
1654 212
1655 263
1656 161
1657 165
1658 144
1659 156
1660 -7
1661 162
1662 328
1663 108
1664 84
1665 86
1666 116
1667 298
1668 190
1669 194
1670 118
1671 321
1672 126
1673 108
1674 130
1675 320
1676 99
1677 45
1678 156
1679 79
1680 101
1681 155
1682 175
1683 44
1684 61
1685 151
1686 190
1687 236
1688 122
1689 101
1690 195
1691 123
1692 119
1693 79
1694 129
1695 91
1696 53
1697 79
1698 121
1699 280
1700 247
1701 229
1702 168
1703 88
1704 45
1705 126
1706 83
1707 139
1708 182
1709 186
1710 245
1711 105
1712 135
1713 362
1714 271
1715 137
1716 158
1717 126
1718 91
1719 124
1720 119
1721 78
1722 141
1723 91
1724 206
1725 145
1726 155
1727 108
1728 149
1729 289
1730 259
1731 213
1732 280
1733 313
1734 41
1735 86
1736 101
1737 180
1738 171
1739 88
1740 219
1741 84
1742 186
1743 184
1744 121
1745 232
1746 225
1747 126
1748 87
1749 108
1750 198
1751 113
1752 151
1753 76
1754 185
1755 113
1756 136
1757 132
1758 70
1759 88
1760 136
1761 197
1762 165
1763 170
1764 117
1765 151
1766 107
1767 97
1768 280
1769 279
1770 168
1771 103
1772 134
1773 100
1774 146
1775 127
1776 123
1777 63
1778 98
1779 319
1780 210
1781 101
1782 113
1783 98
1784 136
1785 63
1786 54
1787 140
1788 116
1789 78
1790 141
1791 141
1792 52
1793 175
1794 275
1795 277
1796 198
1797 152
1798 134
1799 104
1800 68
1801 70
1802 324
1803 158
1804 164
1805 141
1806 244
1807 87
1808 178
1809 172
1810 30
1811 109
1812 334
1813 98
1814 165
1815 18
1816 176
1817 77
1818 213
1819 143
1820 229
1821 226
1822 115
1823 209
1824 63
1825 214
1826 315
1827 104
1828 95
1829 206
1830 180
1831 140
1832 208
1833 160
1834 159
1835 262
1836 99
1837 151
1838 104
1839 43
1840 152
1841 162
1842 127
1843 72
1844 135
1845 126
1846 41
1847 166
1848 156
1849 117
1850 130
1851 29
1852 139
1853 115
1854 168
1855 265
1856 205
1857 186
1858 186
1859 113
1860 82
1861 77
1862 184
1863 127
1864 139
1865 185
1866 125
1867 117
1868 195
1869 6
1870 159
1871 63
1872 208
1873 166
1874 175
1875 25
1876 164
1877 305
1878 123
1879 98
1880 140
1881 89
1882 48
1883 67
1884 175
1885 95
1886 149
1887 174
1888 89
1889 193
1890 109
1891 143
1892 84
1893 37
1894 213
1895 244
1896 149
1897 155
1898 132
1899 111
1900 2
1901 111
1902 108
1903 122
1904 101
1905 44
1906 138
1907 255
1908 336
1909 65
1910 82
1911 317
1912 208
1913 117
1914 81
1915 198
1916 61
1917 152
1918 237
1919 165
1920 42
1921 188
1922 79
1923 129
1924 224
1925 92
1926 105
1927 131
1928 318
1929 85
1930 144
1931 88
1932 123
1933 182
1934 129
1935 156
1936 139
1937 171
1938 41
1939 79
1940 165
1941 144
1942 193
1943 9
1944 135
1945 153
1946 108
1947 48
1948 174
1949 121
1950 256
1951 125
1952 17
1953 88
1954 87
1955 93
1956 134
1957 191
1958 212
1959 110
1960 160
1961 320
1962 98
1963 100
1964 111
1965 154
1966 72
1967 143
1968 201
1969 233
1970 90
1971 89
1972 172
1973 1
1974 171
1975 119
1976 50
1977 160
1978 271
1979 83
1980 169
1981 135
1982 150
1983 105
1984 134
1985 155
1986 166
1987 36
1988 186
1989 128
1990 138
1991 194
1992 171
1993 26
1994 69
1995 71
1996 199
1997 129
1998 294
1999 95
2000 191
2001 166
2002 260
2003 48
2004 386
2005 317
2006 95
2007 161
2008 270
2009 134
2010 170
2011 54
2012 352
2013 241
2014 57
2015 134
2016 166
2017 185
2018 210
2019 56
2020 145
2021 146
2022 175
2023 62
2024 91
2025 120
2026 25
2027 97
2028 57
2029 118
2030 183
2031 231
2032 115
2033 71
2034 118
2035 89
2036 293
2037 246
2038 42
2039 204
2040 257
2041 135
2042 239
2043 210
2044 92
2045 90
2046 153
2047 229
2048 203
2049 198
2050 164
2051 174
2052 110
2053 68
2054 97
2055 23
2056 331
2057 114
2058 140
2059 191
2060 106
2061 50
2062 64
2063 96
2064 117
2065 47
2066 117
2067 122
2068 99
2069 206
2070 188
2071 220
2072 104
2073 286
2074 51
2075 277
2076 163
2077 69
2078 206
2079 85
2080 203
2081 148
2082 275
2083 271
2084 256
2085 66
2086 170
2087 142
2088 40
2089 94
2090 203
2091 195
2092 354
2093 176
2094 151
2095 23
2096 99
2097 333
2098 42
2099 157
2100 227
2101 238
2102 40
2103 171
2104 165
2105 101
2106 57
2107 74
2108 70
2109 145
2110 192
2111 130
2112 241
2113 41
2114 102
2115 262
2116 77
2117 68
2118 173
2119 132
2120 41
2121 228
2122 175
2123 113
2124 119
2125 73
2126 120
2127 193
2128 135
2129 202
2130 158
2131 179
2132 282
2133 111
2134 119
2135 202
2136 7
2137 120
2138 129
2139 180
2140 133
2141 143
2142 57
2143 31
2144 144
2145 324
2146 285
2147 308
2148 87
2149 148
2150 64
2151 140
2152 113
2153 90
2154 216
2155 168
2156 185
2157 372
2158 171
2159 227
2160 73
2161 187
2162 113
2163 83
2164 66
2165 54
2166 146
2167 265
2168 236
2169 130
2170 114
2171 172
2172 206
2173 306
2174 80
2175 98
2176 102
2177 50
2178 187
2179 124
2180 88
2181 80
2182 -9
2183 140
2184 179
2185 311
2186 152
2187 112
2188 12
2189 133
2190 43
2191 96
2192 71
2193 84
2194 32
2195 135
2196 150
2197 136
2198 163
2199 174
2200 126
2201 208
2202 74
2203 118
2204 103
2205 180
2206 162
2207 150
2208 118
2209 223
2210 135
2211 155
2212 60
2213 149
2214 136
2215 101
2216 281
2217 177
2218 118
2219 135
2220 167
2221 150
2222 246
2223 148
2224 64
2225 212
2226 96
2227 248
2228 141
2229 80
2230 68
2231 207
2232 145
2233 86
2234 179
2235 80
2236 115
2237 45
2238 167
2239 165
2240 125
2241 182
2242 102
2243 140
2244 313
2245 183
2246 236
2247 181
2248 186
2249 179
2250 339
2251 199
2252 43
2253 187
2254 124
2255 75
2256 48
2257 67
2258 85
2259 128
2260 135
2261 38
2262 79
2263 92
2264 202
2265 187
2266 152
2267 173
2268 312
2269 111
2270 306
2271 97
2272 234
2273 98
2274 297
2275 52
2276 59
2277 89
2278 211
2279 377
2280 301
2281 32
2282 168
2283 352
2284 143
2285 245
2286 106
2287 82
2288 115
2289 187
2290 126
2291 76
2292 164
2293 199
2294 79
2295 71
2296 112
2297 42
2298 97
2299 94
2300 214
2301 214
2302 65
2303 137
2304 108
2305 177
2306 72
2307 122
2308 279
2309 197
2310 223
2311 313
2312 234
2313 148
2314 60
2315 61
2316 297
2317 141
2318 24
2319 70
2320 180
2321 148
2322 100
2323 69
2324 86
2325 264
2326 135
2327 -4
2328 185
2329 132
2330 62
2331 133
2332 159
2333 169
2334 220
2335 287
2336 200
2337 212
2338 371
2339 142
2340 220
2341 191
2342 141
2343 69
2344 112
2345 179
2346 103
2347 60
2348 97
2349 357
2350 111
2351 90
2352 60
2353 163
2354 72
2355 109
2356 28
2357 178
2358 148
2359 254
2360 218
2361 225
2362 332
2363 108
2364 84
2365 206
2366 120
2367 92
2368 33
2369 150
2370 148
2371 105
2372 55
2373 159
2374 68
2375 154
2376 135
2377 117
2378 130
2379 106
2380 135
2381 184
2382 107
2383 86
2384 246
2385 197
2386 164
2387 161
2388 235
2389 189
2390 110
2391 67
2392 96
2393 152
2394 161
2395 224
2396 178
2397 58
2398 53
2399 232
2400 61
2401 164
2402 130
2403 320
2404 81
2405 133
2406 115
2407 130
2408 302
2409 91
2410 199
2411 181
2412 179
2413 161
2414 171
2415 167
2416 82
2417 145
2418 102
2419 264
2420 87
2421 56
2422 48
2423 190
2424 312
2425 198
2426 116
2427 125
2428 67
2429 69
2430 107
2431 136
2432 167
2433 200
2434 104
2435 62
2436 176
2437 280
2438 152
2439 57
2440 123
2441 186
2442 175
2443 54
2444 81
2445 125
2446 87
2447 186
2448 128
2449 78
2450 254
2451 205
2452 101
2453 163
2454 82
2455 120
2456 85
2457 206
2458 112
2459 171
2460 70
2461 35
2462 132
2463 155
2464 98
2465 56
2466 137
2467 186
2468 77
2469 50
2470 304
2471 105
2472 159
2473 125
2474 161
2475 72
2476 200
2477 142
2478 58
2479 61
2480 106
2481 126
2482 62
2483 197
2484 96
2485 266
2486 288
2487 44
2488 113
2489 239
2490 106
2491 214
2492 86
2493 69
2494 134
2495 95
2496 98
2497 40
2498 81
2499 138
2500 185
2501 154
2502 50
2503 103
2504 196
2505 136
2506 163
2507 164
2508 85
2509 70
2510 41
2511 126
2512 119
2513 302
2514 117
2515 83
2516 138
2517 322
2518 151
2519 174
2520 194
2521 104
2522 155
2523 182
2524 241
2525 97
2526 106
2527 118
2528 92
2529 78
2530 96
2531 87
2532 190
2533 171
2534 129
2535 87
2536 122
2537 176
2538 358
2539 99
2540 86
2541 87
2542 114
2543 124
2544 140
2545 151
2546 174
2547 157
2548 36
2549 96
2550 196
2551 88
2552 132
2553 264
2554 134
2555 126
2556 198
2557 66
2558 225
2559 321
2560 216
2561 87
2562 236
2563 103
2564 95
2565 235
2566 210
2567 191
2568 143
2569 145
2570 394
2571 63
2572 56
2573 128
2574 179
2575 82
2576 59
2577 121
2578 127
2579 172
2580 344
2581 17
2582 143
2583 116
2584 407
2585 105
2586 174
2587 216
2588 122
2589 421
2590 87
2591 148
2592 290
2593 108
2594 106
2595 48
2596 93
2597 267
2598 34
2599 175
2600 141
2601 57
2602 98
2603 156
2604 131
2605 114
2606 144
2607 185
2608 99
2609 141
2610 215
2611 101
2612 28
2613 89
2614 104
2615 284
2616 201
2617 178
2618 131
2619 220
2620 213
2621 107
2622 135
2623 164
2624 83
2625 89
2626 88
2627 58
2628 152
2629 147
2630 59
2631 175
2632 118
2633 19
2634 124
2635 198
2636 121
2637 330
2638 211
2639 95
2640 119
2641 101
2642 195
2643 360
2644 161
2645 222
2646 116
2647 143
2648 193
2649 146
2650 85
2651 132
2652 65
2653 88
2654 174
2655 186
2656 106
2657 107
2658 92
2659 31
2660 72
2661 263
2662 104
2663 90
2664 209
2665 188
2666 264
2667 138
2668 210
2669 115
2670 248
2671 155
2672 87
2673 175
2674 125
2675 83
2676 130
2677 108
2678 75
2679 62
2680 26
2681 116
2682 61
2683 170
2684 84
2685 134
2686 106
2687 193
2688 109
2689 233
2690 167
2691 14
2692 64
2693 62
2694 89
2695 214
2696 71
2697 117
2698 34
2699 211
2700 198
2701 150
2702 75
2703 266
2704 255
2705 109
2706 105
2707 161
2708 129
2709 79
2710 139
2711 85
2712 101
2713 319
2714 291
2715 105
2716 114
2717 135
2718 159
2719 184
2720 173
2721 173
2722 168
2723 119
2724 142
2725 202
2726 216
2727 113
2728 70
2729 64
2730 172
2731 149
2732 174
2733 136
2734 138
2735 173
2736 129
2737 121
2738 77
2739 102
2740 201
2741 58
2742 287
2743 134
2744 126
2745 97
2746 130
2747 96
2748 89
2749 162
2750 44
2751 211
2752 262
2753 80
2754 60
2755 157
2756 102
2757 120
2758 55
2759 224
2760 190
2761 132
2762 129
2763 108
2764 105
2765 98
2766 207
2767 78
2768 76
2769 357
2770 93
2771 82
2772 139
2773 137
2774 314
2775 142
2776 105
2777 155
2778 163
2779 160
2780 68
2781 92
2782 78
2783 191
2784 172
2785 164
2786 168
2787 140
2788 314
2789 108
2790 30
2791 122
2792 235
2793 118
2794 191
2795 122
2796 55
2797 167
2798 92
2799 103
2800 51
2801 168
2802 111
2803 141
2804 1
2805 222
2806 210
2807 213
2808 164
2809 146
2810 35
2811 107
2812 270
2813 133
2814 72
2815 124
2816 66
2817 126
2818 95
2819 271
2820 80
2821 95
2822 91
2823 118
2824 153
2825 162
2826 301
2827 128
2828 87
2829 129
2830 23
2831 180
2832 127
2833 81
2834 202
2835 59
2836 163
2837 45
2838 128
2839 158
2840 120
2841 36
2842 205
2843 45
2844 38
2845 77
2846 206
2847 264
2848 193
2849 174
2850 122
2851 287
2852 154
2853 107
2854 120
2855 135
2856 282
2857 217
2858 310
2859 157
2860 119
2861 301
2862 126
2863 105
2864 66
2865 186
2866 159
2867 84
2868 100
2869 89
2870 60
2871 133
2872 207
2873 162
2874 216
2875 44
2876 156
2877 164
2878 210
2879 68
2880 204
2881 87
2882 231
2883 180
2884 204
2885 168
2886 210
2887 147
2888 153
2889 230
2890 204
2891 132
2892 68
2893 111
2894 137
2895 92
2896 137
2897 86
2898 65
2899 327
2900 128
2901 148
2902 296
2903 298
2904 134
2905 154
2906 79
2907 134
2908 363
2909 178
2910 134
2911 188
2912 82
2913 126
2914 105
2915 152
2916 212
2917 66
2918 155
2919 154
2920 66
2921 65
2922 130
2923 234
2924 218
2925 41
2926 76
2927 163
2928 299
2929 189
2930 58
2931 147
2932 295
2933 143
2934 132
2935 148
2936 93
2937 60
2938 133
2939 197
2940 131
2941 89
2942 79
2943 80
2944 280
2945 54
2946 299
2947 116
2948 190
2949 119
2950 105
2951 95
2952 110
2953 96
2954 141
2955 56
2956 102
2957 114
2958 140
2959 144
2960 109
2961 160
2962 144
2963 184
2964 36
2965 141
2966 74
2967 68
2968 122
2969 206
2970 100
2971 97
2972 128
2973 107
2974 135
2975 258
2976 66
2977 49
2978 96
2979 157
2980 223
2981 83
2982 89
2983 148
2984 147
2985 93
2986 143
2987 186
2988 57
2989 150
2990 122
2991 169
2992 149
2993 76
2994 157
2995 143
2996 76
2997 163
2998 38
2999 77
3000 120
3001 165
3002 172
3003 62
3004 166
3005 71
3006 125
3007 76
3008 96
3009 180
3010 192
3011 84
3012 215
3013 59
3014 145
3015 118
3016 126
3017 135
3018 31
3019 74
3020 216
3021 30
3022 119
3023 111
3024 138
3025 66
3026 136
3027 132
3028 48
3029 73
3030 104
3031 117
3032 303
3033 168
3034 122
3035 33
3036 200
3037 119
3038 204
3039 91
3040 171
3041 160
3042 97
3043 189
3044 137
3045 32
3046 227
3047 144
3048 31
3049 78
3050 214
3051 21
3052 101
3053 111
3054 145
3055 143
3056 200
3057 156
3058 137
3059 103
3060 96
3061 175
3062 49
3063 148
3064 100
3065 38
3066 134
3067 305
3068 115
3069 133
3070 86
3071 255
3072 134
3073 236
3074 166
3075 104
3076 305
3077 112
3078 133
3079 143
3080 258
3081 98
3082 185
3083 167
3084 184
3085 126
3086 136
3087 91
3088 164
3089 134
3090 198
3091 91
3092 137
3093 164
3094 23
3095 332
3096 62
3097 24
3098 145
3099 165
3100 86
3101 116
3102 80
3103 167
3104 202
3105 150
3106 138
3107 144
3108 130
3109 37
3110 44
3111 160
3112 318
3113 129
3114 141
3115 121
3116 142
3117 135
3118 172
3119 339
3120 115
3121 127
3122 56
3123 83
3124 77
3125 126
3126 94
3127 192
3128 203
3129 188
3130 197
3131 68
3132 179
3133 108
3134 166
3135 133
3136 113
3137 63
3138 85
3139 143
3140 201
3141 208
3142 211
3143 93
3144 139
3145 38
3146 101
3147 257
3148 122
3149 168
3150 165
3151 112
3152 98
3153 164
3154 81
3155 103
3156 232
3157 179
3158 130
3159 294
3160 128
3161 81
3162 158
3163 130
3164 90
3165 145
3166 107
3167 100
3168 75
3169 80
3170 152
3171 100
3172 164
3173 295
3174 128
3175 111
3176 231
3177 170
3178 190
3179 160
3180 181
3181 88
3182 287
3183 130
3184 155
3185 148
3186 227
3187 104
3188 146
3189 186
3190 104
3191 107
3192 149
3193 98
3194 43
3195 103
3196 169
3197 35
3198 147
3199 140
3200 104
3201 91
3202 161
3203 229
3204 80
3205 66
3206 159
3207 187
3208 164
3209 166
3210 92
3211 155
3212 61
3213 248
3214 93
3215 109
3216 115
3217 212
3218 149
3219 144
3220 209
3221 57
3222 122
3223 403
3224 43
3225 138
3226 113
3227 40
3228 211
3229 237
3230 263
3231 165
3232 251
3233 112
3234 188
3235 62
3236 96
3237 121
3238 67
3239 234
3240 119
3241 113
3242 68
3243 103
3244 118
3245 63
3246 185
3247 181
3248 43
3249 161
3250 87
3251 96
3252 51
3253 112
3254 261
3255 95
3256 157
3257 269
3258 103
3259 37
3260 87
3261 225
3262 164
3263 138
3264 62
3265 92
3266 42
3267 238
3268 123
3269 61
3270 83
3271 125
3272 162
3273 208
3274 -22
3275 207
3276 11
3277 66
3278 167
3279 83
3280 94
3281 99
3282 89
3283 102
3284 96
3285 306
3286 82
3287 95
3288 186
3289 94
3290 51
3291 118
3292 186
3293 93
3294 81
3295 151
3296 160
3297 85
3298 96
3299 210
3300 107
3301 110
3302 176
3303 133
3304 86
3305 89
3306 93
3307 82
3308 10
3309 137
3310 161
3311 166
3312 149
3313 119
3314 161
3315 151
3316 227
3317 172
3318 124
3319 229
3320 79
3321 41
3322 61
3323 17
3324 138
3325 123
3326 339
3327 177
3328 202
3329 95
3330 67
3331 186
3332 440
3333 80
3334 66
3335 140
3336 131
3337 167
3338 172
3339 202
3340 116
3341 163
3342 299
3343 65
3344 323
3345 135
3346 234
3347 134
3348 114
3349 101
3350 184
3351 231
3352 123
3353 117
3354 70
3355 132
3356 286
3357 174
3358 233
3359 151
3360 107
3361 116
3362 105
3363 236
3364 165
3365 332
3366 88
3367 162
3368 159
3369 99
3370 117
3371 319
3372 250
3373 126
3374 79
3375 98
3376 224
3377 156
3378 75
3379 117
3380 12
3381 63
3382 184
3383 206
3384 185
3385 115
3386 110
3387 167
3388 124
3389 140
3390 68
3391 112
3392 143
3393 345
3394 145
3395 132
3396 172
3397 171
3398 125
3399 115
3400 107
3401 137
3402 168
3403 148
3404 239
3405 144
3406 144
3407 142
3408 140
3409 114
3410 115
3411 104
3412 60
3413 146
3414 120
3415 112
3416 84
3417 151
3418 99
3419 32
3420 194
3421 202
3422 81
3423 89
3424 96
3425 135
3426 176
3427 185
3428 100
3429 176
3430 154
3431 168
3432 191
3433 220
3434 51
3435 115
3436 115
3437 44
3438 74
3439 146
3440 131
3441 74
3442 313
3443 47
3444 148
3445 11
3446 136
3447 114
3448 184
3449 97
3450 307
3451 208
3452 137
3453 144
3454 97
3455 344
3456 149
3457 162
3458 107
3459 81
3460 177
3461 17
3462 66
3463 93
3464 155
3465 84
3466 74
3467 160
3468 64
3469 51
3470 54
3471 143
3472 71
3473 256
3474 103
3475 47
3476 133
3477 164
3478 110
3479 320
3480 147
3481 77
3482 33
3483 110
3484 88
3485 73
3486 109
3487 52
3488 179
3489 89
3490 349
3491 71
3492 142
3493 156
3494 269
3495 48
3496 135
3497 246
3498 59
3499 141
3500 106
3501 149
3502 115
3503 152
3504 142
3505 94
3506 133
3507 197
3508 86
3509 136
3510 129
3511 113
3512 122
3513 126
3514 198
3515 72
3516 38
3517 153
3518 53
3519 136
3520 22
3521 216
3522 27
3523 104
3524 114
3525 62
3526 38
3527 104
3528 17
3529 78
3530 84
3531 191
3532 135
3533 97
3534 130
3535 75
3536 9
3537 115
3538 256
3539 340
3540 148
3541 24
3542 110
3543 203
3544 135
3545 175
3546 107
3547 42
3548 31
3549 16
3550 84
3551 52
3552 96
3553 308
3554 135
3555 129
3556 193
3557 87
3558 37
3559 96
3560 163
3561 147
3562 98
3563 180
3564 33
3565 134
3566 95
3567 148
3568 121
3569 119
3570 134
3571 98
3572 -6
3573 114
3574 68
3575 174
3576 33
3577 165
3578 52
3579 118
3580 130
3581 87
3582 86
3583 62
3584 171
3585 205
3586 150
3587 157
3588 90
3589 97
3590 34
3591 95
3592 109
3593 154
3594 107
3595 83
3596 200
3597 94
3598 77
3599 117
3600 139
3601 64
3602 64
3603 146
3604 28
3605 84
3606 85
3607 57
3608 343
3609 100
3610 85
3611 96
3612 117
3613 22
3614 169
3615 -21
3616 162
3617 212
3618 167
3619 134
3620 177
3621 189
3622 103
3623 103
3624 126
3625 122
3626 105
3627 104
3628 80
3629 79
3630 76
3631 207
3632 115
3633 104
3634 150
3635 77
3636 211
3637 304
3638 22
3639 124
3640 129
3641 117
3642 44
3643 100
3644 115
3645 2
3646 219
3647 178
3648 109
3649 424
3650 115
3651 211
3652 87
3653 70
3654 126
3655 141
3656 164
3657 177
3658 127
3659 92
3660 120
3661 165
3662 151
3663 72
3664 69
3665 198
3666 214
3667 71
3668 232
3669 147
3670 61
3671 121
3672 195
3673 70
3674 114
3675 128
3676 71
3677 152
3678 97
3679 93
3680 111
3681 61
3682 253
3683 53
3684 134
3685 170
3686 137
3687 68
3688 141
3689 114
3690 221
3691 65
3692 145
3693 229
3694 94
3695 185
3696 91
3697 365
3698 107
3699 125
3700 166
3701 128
3702 91
3703 59
3704 159
3705 50
3706 109
3707 376
3708 149
3709 83
3710 54
3711 281
3712 231
3713 116
3714 167
3715 134
3716 173
3717 377
3718 143
3719 53
3720 103
3721 121
3722 76
3723 179
3724 160
3725 69
3726 168
3727 222
3728 190
3729 158
3730 173
3731 76
3732 145
3733 141
3734 131
3735 169
3736 104
3737 100
3738 91
3739 104
3740 87
3741 82
3742 203
3743 93
3744 199
3745 60
3746 151
3747 32
3748 135
3749 117
3750 137
3751 229
3752 153
3753 53
3754 222
3755 36
3756 126
3757 -5
3758 149
3759 248
3760 47
3761 94
3762 166
3763 123
3764 46
3765 216
3766 110
3767 110
3768 132
3769 129
3770 166
3771 171
3772 58
3773 102
3774 254
3775 117
3776 95
3777 132
3778 69
3779 98
3780 135
3781 148
3782 11
3783 143
3784 85
3785 14
3786 151
3787 91
3788 46
3789 220
3790 21
3791 140
3792 100
3793 21
3794 216
3795 156
3796 70
3797 110
3798 131
3799 166
3800 96
3801 198
3802 182
3803 27
3804 385
3805 -5
3806 108
3807 174
3808 201
3809 156
3810 62
3811 96
3812 80
3813 162
3814 73
3815 85
3816 268
3817 113
3818 221
3819 137
3820 115
3821 140
3822 265
3823 105
3824 133
3825 83
3826 204
3827 191
3828 87
3829 293
3830 219
3831 50
3832 58
3833 86
3834 142
3835 85
3836 105
3837 91
3838 126
3839 169
3840 198
3841 89
3842 221
3843 204
3844 80
3845 327
3846 112
3847 127
3848 104
3849 125
3850 267
3851 48
3852 88
3853 135
3854 147
3855 76
3856 15
3857 93
3858 191
3859 35
3860 64
3861 178
3862 155
3863 89
3864 51
3865 235
3866 54
3867 189
3868 171
3869 199
3870 125
3871 119
3872 364
3873 158
3874 210
3875 150
3876 23
3877 315
3878 89
3879 186
3880 50
3881 122
3882 160
3883 213
3884 121
3885 143
3886 49
3887 81
3888 106
3889 102
3890 123
3891 185
3892 238
3893 167
3894 49
3895 163
3896 98
3897 67
3898 55
3899 174
3900 56
3901 116
3902 124
3903 128
3904 49
3905 116
3906 142
3907 113
3908 81
3909 125
3910 65
3911 130
3912 41
3913 195
3914 91
3915 171
3916 81
3917 175
3918 215
3919 305
3920 150
3921 103
3922 93
3923 94
3924 54
3925 89
3926 64
3927 112
3928 55
3929 108
3930 40
3931 115
3932 194
3933 166
3934 144
3935 102
3936 123
3937 79
3938 136
3939 54
3940 166
3941 195
3942 150
3943 165
3944 155
3945 187
3946 161
3947 38
3948 99
3949 48
3950 125
3951 106
3952 344
3953 221
3954 14
3955 98
3956 79
3957 237
3958 142
3959 148
3960 115
3961 154
3962 158
3963 57
3964 186
3965 72
3966 27
3967 197
3968 186
3969 39
3970 207
3971 128
3972 83
3973 129
3974 53
3975 205
3976 111
3977 118
3978 121
3979 82
3980 42
3981 237
3982 96
3983 91
3984 148
3985 100
3986 132
3987 97
3988 94
3989 107
3990 118
3991 297
3992 30
3993 74
3994 189
3995 204
3996 292
3997 168
3998 129
3999 101
4000 203
4001 82
4002 23
4003 124
4004 150
4005 305
4006 91
4007 35
4008 112
4009 134
4010 158
4011 107
4012 237
4013 48
4014 88
4015 157
4016 149
4017 79
4018 174
4019 162
4020 162
4021 122
4022 95
4023 166
4024 263
4025 155
4026 125
4027 132
4028 36
4029 135
4030 17
4031 79
4032 82
4033 180
4034 205
4035 58
4036 232
4037 140
4038 234
4039 98
4040 150
4041 113
4042 78
4043 129
4044 102
4045 139
4046 301
4047 106
4048 75
4049 127
4050 127
4051 139
4052 14
4053 172
4054 447
4055 124
4056 73
4057 75
4058 54
4059 136
4060 113
4061 147
4062 56
4063 248
4064 140
4065 214
4066 150
4067 64
4068 86
4069 146
4070 178
4071 136
4072 66
4073 131
4074 135
4075 178
4076 137
4077 165
4078 82
4079 139
4080 99
4081 303
4082 131
4083 52
4084 146
4085 131
4086 168
4087 83
4088 73
4089 120
4090 104
4091 91
4092 120
4093 129
4094 132
4095 218
4096 41
4097 270
4098 96
4099 112
4100 126
4101 195
4102 60
4103 107
4104 86
4105 254
4106 148
4107 142
4108 137
4109 2
4110 231
4111 133
4112 226
4113 143
4114 178
4115 67
4116 99
4117 102
4118 81
4119 205
4120 161
4121 186
4122 152
4123 128
4124 142
4125 173
4126 225
4127 99
4128 95
4129 92
4130 103
4131 174
4132 165
4133 105
4134 32
4135 181
4136 145
4137 146
4138 94
4139 93
4140 176
4141 102
4142 99
4143 163
4144 101
4145 101
4146 117
4147 83
4148 100
4149 213
4150 117
4151 93
4152 147
4153 64
4154 142
4155 123
4156 120
4157 136
4158 72
4159 238
4160 46
4161 135
4162 43
4163 102
4164 54
4165 33
4166 132
4167 296
4168 150
4169 328
4170 206
4171 100
4172 42
4173 105
4174 177
4175 96
4176 45
4177 34
4178 132
4179 135
4180 71
4181 146
4182 118
4183 43
4184 291
4185 46
4186 145
4187 135
4188 125
4189 43
4190 167
4191 144
4192 143
4193 67
4194 91
4195 107
4196 114
4197 154
4198 270
4199 318
4200 183
4201 56
4202 161
4203 88
4204 155
4205 270
4206 74
4207 154
4208 92
4209 57
4210 176
4211 107
4212 154
4213 97
4214 117
4215 117
4216 144
4217 53
4218 34
4219 74
4220 18
4221 34
4222 37
4223 127
4224 135
4225 98
4226 153
4227 153
4228 105
4229 106
4230 67
4231 172
4232 92
4233 244
4234 91
4235 150
4236 66
4237 30
4238 148
4239 99
4240 124
4241 187
4242 106
4243 142
4244 159
4245 118
4246 97
4247 141
4248 61
4249 119
4250 68
4251 81
4252 13
4253 55
4254 93
4255 281
4256 149
4257 71
4258 74
4259 143
4260 205
4261 69
4262 71
4263 134
4264 125
4265 132
4266 31
4267 66
4268 63
4269 75
4270 134
4271 192
4272 59
4273 145
4274 75
4275 146
4276 42
4277 201
4278 112
4279 103
4280 135
4281 253
4282 60
4283 143
4284 34
4285 201
4286 152
4287 118
4288 32
4289 138
4290 41
4291 199
4292 160
4293 280
4294 161
4295 200
4296 101
4297 178
4298 73
4299 68
4300 227
4301 174
4302 296
4303 33
4304 145
4305 146
4306 133
4307 145
4308 112
4309 152
4310 198
4311 72
4312 70
4313 30
4314 149
4315 80
4316 130
4317 68
4318 127
4319 99
4320 67
4321 214
4322 28
4323 64
4324 161
4325 91
4326 178
4327 108
4328 57
4329 41
4330 123
4331 57
4332 81
4333 49
4334 119
4335 67
4336 113
4337 183
4338 38
4339 95
4340 179
4341 73
4342 223
4343 128
4344 125
4345 92
4346 94
4347 179
4348 137
4349 114
4350 138
4351 70
4352 146
4353 50
4354 177
4355 61
4356 230
4357 32
4358 84
4359 162
4360 140
4361 141
4362 105
4363 46
4364 175
4365 87
4366 178
4367 160
4368 159
4369 105
4370 71
4371 163
4372 191
4373 172
4374 40
4375 157
4376 236
4377 108
4378 46
4379 158
4380 123
4381 25
4382 160
4383 118
4384 113
4385 202
4386 120
4387 111
4388 123
4389 218
4390 76
4391 133
4392 44
4393 97
4394 209
4395 324
4396 41
4397 54
4398 164
4399 125
4400 412
4401 181
4402 108
4403 81
4404 72
4405 214
4406 91
4407 128
4408 159
4409 81
4410 137
4411 106
4412 195
4413 153
4414 117
4415 226
4416 112
4417 130
4418 87
4419 8
4420 62
4421 68
4422 191
4423 157
4424 80
4425 198
4426 131
4427 102
4428 134
4429 97
4430 89
4431 215
4432 130
4433 21
4434 154
4435 101
4436 182
4437 126
4438 88
4439 126
4440 152
4441 137
4442 119
4443 118
4444 38
4445 64
4446 64
4447 160
4448 189
4449 91
4450 177
4451 193
4452 86
4453 151
4454 32
4455 28
4456 205
4457 53
4458 166
4459 60
4460 181
4461 142
4462 137
4463 55
4464 236
4465 145
4466 130
4467 160
4468 36
4469 188
4470 39
4471 84
4472 156
4473 44
4474 160
4475 121
4476 6
4477 102
4478 59
4479 49
4480 383
4481 24
4482 239
4483 127
4484 117
4485 88
4486 128
4487 102
4488 93
4489 85
4490 232
4491 226
4492 65
4493 144
4494 130
4495 137
4496 306
4497 11
4498 149
4499 153
4500 59
4501 202
4502 217
4503 122
4504 208
4505 124
4506 149
4507 70
4508 113
4509 138
4510 68
4511 107
4512 48
4513 66
4514 38
4515 115
4516 116
4517 58
4518 125
4519 115
4520 66
4521 45
4522 58
4523 146
4524 265
4525 175
4526 77
4527 170
4528 112
4529 219
4530 95
4531 75
4532 135
4533 125
4534 146
4535 132
4536 75
4537 127
4538 179
4539 70
4540 94
4541 374
4542 114
4543 131
4544 101
4545 122
4546 137
4547 87
4548 115
4549 155
4550 180
4551 110
4552 127
4553 90
4554 107
4555 101
4556 269
4557 149
4558 86
4559 108
4560 106
4561 120
4562 102
4563 94
4564 128
4565 122
4566 125
4567 149
4568 153
4569 65
4570 17
4571 103
4572 35
4573 183
4574 203
4575 197
4576 150
4577 119
4578 122
4579 195
4580 47
4581 26
4582 49
4583 130
4584 119
4585 200
4586 227
4587 148
4588 124
4589 -21
4590 151
4591 92
4592 125
4593 162
4594 160
4595 113
4596 144
4597 -4
4598 93
4599 57
4600 19
4601 161
4602 114
4603 95
4604 198
4605 101
4606 120
4607 182
4608 114
4609 224
4610 170
4611 141
4612 52
4613 282
4614 176
4615 134
4616 159
4617 224
4618 128
4619 142
4620 84
4621 87
4622 109
4623 123
4624 49
4625 42
4626 91
4627 167
4628 85
4629 126
4630 31
4631 186
4632 146
4633 142
4634 44
4635 311
4636 132
4637 22
4638 53
4639 52
4640 113
4641 35
4642 276
4643 63
4644 76
4645 79
4646 90
4647 129
4648 188
4649 90
4650 81
4651 50
4652 -14
4653 14
4654 115
4655 82
4656 113
4657 81
4658 80
4659 72
4660 97
4661 125
4662 117
4663 52
4664 88
4665 20
4666 156
4667 117
4668 74
4669 44
4670 167
4671 154
4672 31
4673 78
4674 102
4675 104
4676 153
4677 124
4678 120
4679 70
4680 103
4681 114
4682 160
4683 181
4684 97
4685 215
4686 22
4687 171
4688 330
4689 200
4690 12
4691 147
4692 55
4693 131
4694 98
4695 57
4696 136
4697 66
4698 82
4699 75
4700 33
4701 67
4702 84
4703 180
4704 116
4705 240
4706 176
4707 219
4708 51
4709 28
4710 268
4711 108
4712 24
4713 166
4714 135
4715 147
4716 184
4717 107
4718 109
4719 98
4720 97
4721 196
4722 142
4723 138
4724 92
4725 101
4726 52
4727 71
4728 123
4729 105
4730 144
4731 144
4732 205
4733 19
4734 152
4735 69
4736 81
4737 108
4738 42
4739 99
4740 140
4741 104
4742 82
4743 4
4744 58
4745 81
4746 79
4747 139
4748 82
4749 130
4750 134
4751 103
4752 97
4753 127
4754 202
4755 183
4756 289
4757 66
4758 217
4759 355
4760 145
4761 95
4762 -8
4763 78
4764 58
4765 25
4766 132
4767 115
4768 48
4769 58
4770 296
4771 154
4772 112
4773 194
4774 51
4775 142
4776 161
4777 40
4778 73
4779 136
4780 121
4781 88
4782 34
4783 104
4784 161
4785 83
4786 128
4787 37
4788 242
4789 123
4790 96
4791 134
4792 67
4793 72
4794 151
4795 131
4796 58
4797 78
4798 99
4799 63
4800 82
4801 41
4802 156
4803 90
4804 183
4805 245
4806 137
4807 336
4808 66
4809 97
4810 69
4811 74
4812 121
4813 72
4814 114
4815 68
4816 81
4817 72
4818 107
4819 111
4820 201
4821 92
4822 130
4823 203
4824 101
4825 100
4826 135
4827 66
4828 202
4829 62
4830 155
4831 54
4832 79
4833 155
4834 101
4835 187
4836 42
4837 138
4838 63
4839 168
4840 74
4841 4
4842 251
4843 41
4844 39
4845 151
4846 -4
4847 38
4848 181
4849 68
4850 126
4851 248
4852 191
4853 93
4854 180
4855 -21
4856 94
4857 44
4858 68
4859 62
4860 29
4861 42
4862 91
4863 66
4864 96
4865 68
4866 105
4867 144
4868 143
4869 88
4870 209
4871 89
4872 223
4873 145
4874 113
4875 49
4876 137
4877 129
4878 106
4879 120
4880 146
4881 77
4882 151
4883 115
4884 164
4885 146
4886 49
4887 56
4888 188
4889 172
4890 245
4891 122
4892 147
4893 112
4894 54
4895 82
4896 39
4897 82
4898 71
4899 95
4900 218
4901 63
4902 141
4903 93
4904 202
4905 34
4906 191
4907 50
4908 90
4909 87
4910 26
4911 196
4912 301
4913 122
4914 26
4915 89
4916 117
4917 209
4918 78
4919 159
4920 65
4921 181
4922 68
4923 172
4924 135
4925 305
4926 14
4927 124
4928 120
4929 34
4930 67
4931 295
4932 108
4933 40
4934 128
4935 39
4936 157
4937 26
4938 92
4939 122
4940 13
4941 199
4942 214
4943 176
4944 64
4945 83
4946 81
4947 65
4948 47
4949 144
4950 85
4951 136
4952 72
4953 166
4954 185
4955 194
4956 108
4957 41
4958 239
4959 67
4960 144
4961 122
4962 102
4963 85
4964 107
4965 180
4966 150
4967 120
4968 106
4969 52
4970 135
4971 224
4972 75
4973 0
4974 94
4975 160
4976 151
4977 117
4978 84
4979 127
4980 95
4981 70
4982 185
4983 155
4984 60
4985 137
4986 219
4987 53
4988 141
4989 191
4990 79
4991 103
4992 120
4993 62
4994 128
4995 91
4996 60
4997 73
4998 125
4999 112
5000 153
5001 169
5002 125
5003 128
5004 243
5005 175
5006 97
5007 12
5008 205
5009 87
5010 31
5011 82
5012 148
5013 60
5014 100
5015 118
5016 37
5017 36
5018 102
5019 25
5020 119
5021 97
5022 200
5023 105
5024 27
5025 191
5026 107
5027 251
5028 266
5029 214
5030 90
5031 227
5032 135
5033 116
5034 98
5035 39
5036 72
5037 61
5038 70
5039 110
5040 3
5041 127
5042 90
5043 96
5044 320
5045 139
5046 74
5047 34
5048 56
5049 262
5050 107
5051 202
5052 121
5053 76
5054 140
5055 77
5056 109
5057 156
5058 210
5059 238
5060 123
5061 138
5062 69
5063 78
5064 115
5065 196
5066 52
5067 94
5068 48
5069 96
5070 23
5071 262
5072 190
5073 136
5074 60
5075 48
5076 67
5077 68
5078 95
5079 33
5080 79
5081 99
5082 224
5083 57
5084 130
5085 192
5086 69
5087 205
5088 67
5089 153
5090 68
5091 121
5092 59
5093 46
5094 98
5095 88
5096 212
5097 152
5098 133
5099 84
5100 136
5101 109
5102 135
5103 106
5104 138
5105 109
5106 126
5107 151
5108 260
5109 82
5110 444
5111 99
5112 36
5113 160
5114 211
5115 75
5116 49
5117 119
5118 123
5119 200
5120 93
5121 144
5122 175
5123 89
5124 176
5125 151
5126 57
5127 59
5128 47
5129 90
5130 59
5131 29
5132 97
5133 81
5134 90
5135 92
5136 52
5137 20
5138 89
5139 44
5140 178
5141 99
5142 107
5143 137
5144 86
5145 111
5146 88
5147 118
5148 108
5149 198
5150 126
5151 257
5152 335
5153 92
5154 111
5155 149
5156 271
5157 112
5158 25
5159 116
5160 72
5161 142
5162 129
5163 52
5164 114
5165 15
5166 22
5167 150
5168 93
5169 141
5170 60
5171 96
5172 121
5173 77
5174 53
5175 115
5176 15
5177 132
5178 97
5179 84
5180 49
5181 76
5182 219
5183 145
5184 127
5185 102
5186 141
5187 75
5188 170
5189 47
5190 124
5191 267
5192 -8
5193 119
5194 158
5195 150
5196 145
5197 113
5198 172
5199 50
5200 148
5201 60
5202 229
5203 82
5204 87
5205 137
5206 96
5207 78
5208 127
5209 86
5210 178
5211 84
5212 71
5213 279
5214 159
5215 137
5216 76
5217 65
5218 156
5219 226
5220 79
5221 68
5222 45
5223 127
5224 -12
5225 250
5226 99
5227 111
5228 76
5229 79
5230 84
5231 150
5232 72
5233 164
5234 150
5235 49
5236 74
5237 80
5238 181
5239 89
5240 149
5241 110
5242 161
5243 109
5244 144
5245 151
5246 40
5247 42
5248 52
5249 136
5250 252
5251 150
5252 -18
5253 92
5254 97
5255 84
5256 92
5257 67
5258 169
5259 88
5260 127
5261 157
5262 50
5263 171
5264 47
5265 130
5266 100
5267 94
5268 63
5269 31
5270 186
5271 234
5272 269
5273 79
5274 34
5275 125
5276 289
5277 43
5278 29
5279 169
5280 143
5281 139
5282 134
5283 66
5284 100
5285 99
5286 82
5287 120
5288 155
5289 103
5290 58
5291 160
5292 -12
5293 132
5294 115
5295 127
5296 104
5297 153
5298 78
5299 40
5300 38
5301 72
5302 54
5303 262
5304 189
5305 181
5306 68
5307 64
5308 118
5309 74
5310 104
5311 48
5312 69
5313 88
5314 152
5315 124
5316 94
5317 209
5318 150
5319 87
5320 104
5321 45
5322 77
5323 87
5324 73
5325 344
5326 116
5327 176
5328 88
5329 115
5330 29
5331 102
5332 230
5333 114
5334 133
5335 76
5336 142
5337 75
5338 144
5339 205
5340 72
5341 97
5342 154
5343 97
5344 70
5345 100
5346 58
5347 129
5348 92
5349 105
5350 132
5351 172
5352 32
5353 132
5354 139
5355 56
5356 75
5357 90
5358 66
5359 87
5360 171
5361 137
5362 238
5363 141
5364 126
5365 60
5366 138
5367 33
5368 64
5369 157
5370 87
5371 134
5372 151
5373 308
5374 93
5375 45
5376 156
5377 36
5378 55
5379 170
5380 76
5381 84
5382 20
5383 41
5384 159
5385 23
5386 139
5387 61
5388 123
5389 140
5390 88
5391 106
5392 99
5393 121
5394 42
5395 93
5396 28
5397 60
5398 84
5399 84
5400 117
5401 85
5402 108
5403 186
5404 89
5405 138
5406 56
5407 129
5408 307
5409 105
5410 70
5411 104
5412 120
5413 156
5414 55
5415 117
5416 92
5417 129
5418 118
5419 92
5420 159
5421 179
5422 85
5423 153
5424 99
5425 61
5426 53
5427 141
5428 143
5429 99
5430 113
5431 174
5432 169
5433 167
5434 92
5435 182
5436 195
5437 129
5438 119
5439 14
5440 129
5441 52
5442 158
5443 87
5444 56
5445 92
5446 138
5447 161
5448 169
5449 70
5450 120
5451 96
5452 22
5453 66
5454 161
5455 -4
5456 113
5457 188
5458 102
5459 85
5460 141
5461 106
5462 129
5463 127
5464 38
5465 148
5466 188
5467 208
5468 81
5469 126
5470 124
5471 110
5472 128
5473 127
5474 41
5475 42
5476 126
5477 92
5478 62
5479 156
5480 32
5481 148
5482 116
5483 65
5484 55
5485 128
5486 152
5487 147
5488 124
5489 99
5490 43
5491 101
5492 -11
5493 63
5494 167
5495 142
5496 140
5497 49
5498 114
5499 63
5500 63
5501 165
5502 54
5503 24
5504 170
5505 63
5506 54
5507 114
5508 123
5509 131
5510 77
5511 59
5512 173
5513 116
5514 91
5515 49
5516 128
5517 66
5518 41
5519 18
5520 100
5521 164
5522 99
5523 70
5524 156
5525 15
5526 365
5527 206
5528 80
5529 136
5530 116
5531 89
5532 99
5533 182
5534 29
5535 98
5536 18
5537 96
5538 167
5539 105
5540 86
5541 140
5542 140
5543 123
5544 108
5545 164
5546 45
5547 176
5548 101
5549 142
5550 115
5551 82
5552 10
5553 32
5554 95
5555 188
5556 146
5557 83
5558 68
5559 77
5560 58
5561 38
5562 88
5563 49
5564 32
5565 96
5566 168
5567 145
5568 100
5569 105
5570 43
5571 123
5572 76
5573 81
5574 86
5575 50
5576 195
5577 95
5578 191
5579 135
5580 108
5581 116
5582 91
5583 31
5584 68
5585 68
5586 96
5587 198
5588 203
5589 73
5590 122
5591 52
5592 95
5593 63
5594 69
5595 73
5596 116
5597 49
5598 124
5599 120
5600 139
5601 65
5602 230
5603 112
5604 41
5605 140
5606 139
5607 86
5608 65
5609 73
5610 38
5611 164
5612 119
5613 381
5614 113
5615 224
5616 112
5617 60
5618 30
5619 12
5620 72
5621 36
5622 116
5623 34
5624 153
5625 75
5626 173
5627 131
5628 97
5629 50
5630 161
5631 62
5632 78
5633 111
5634 62
5635 52
5636 127
5637 136
5638 111
5639 70
5640 98
5641 89
5642 62
5643 87
5644 107
5645 128
5646 83
5647 136
5648 22
5649 130
5650 19
5651 122
5652 172
5653 117
5654 81
5655 91
5656 65
5657 125
5658 76
5659 94
5660 83
5661 146
5662 169
5663 145
5664 87
5665 111
5666 130
5667 64
5668 136
5669 126
5670 83
5671 140
5672 112
5673 87
5674 140
5675 130
5676 62
5677 131
5678 125
5679 114
5680 102
5681 148
5682 108
5683 182
5684 169
5685 95
5686 85
5687 98
5688 194
5689 102
5690 154
5691 73
5692 92
5693 135
5694 88
5695 195
5696 126
5697 129
5698 162
5699 90
5700 86
5701 107
5702 201
5703 87
5704 91
5705 182
5706 106
5707 41
5708 70
5709 17
5710 169
5711 111
5712 43
5713 253
5714 203
5715 95
5716 328
5717 20
5718 99
5719 167
5720 98
5721 183
5722 62
5723 114
5724 108
5725 28
5726 121
5727 113
5728 79
5729 78
5730 104
5731 35
5732 177
5733 329
5734 57
5735 93
5736 81
5737 128
5738 122
5739 65
5740 123
5741 125
5742 120
5743 24
5744 45
5745 27
5746 87
5747 98
5748 42
5749 50
5750 64
5751 77
5752 139
5753 53
5754 52
5755 141
5756 76
5757 103
5758 82
5759 82
5760 78
5761 97
5762 135
5763 150
5764 165
5765 251
5766 91
5767 65
5768 251
5769 95
5770 9
5771 57
5772 21
5773 67
5774 106
5775 121
5776 86
5777 70
5778 114
5779 89
5780 87
5781 60
5782 61
5783 162
5784 89
5785 119
5786 206
5787 123
5788 82
5789 150
5790 124
5791 90
5792 97
5793 83
5794 299
5795 88
5796 303
5797 110
5798 93
5799 112
5800 107
5801 119
5802 101
5803 31
5804 203
5805 39
5806 90
5807 74
5808 115
5809 96
5810 112
5811 64
5812 159
5813 115
5814 62
5815 147
5816 52
5817 96
5818 92
5819 240
5820 62
5821 149
5822 54
5823 85
5824 54
5825 57
5826 31
5827 6
5828 139
5829 100
5830 121
5831 74
5832 105
5833 63
5834 26
5835 37
5836 65
5837 84
5838 136
5839 54
5840 105
5841 34
5842 78
5843 88
5844 89
5845 132
5846 94
5847 128
5848 81
5849 137
5850 57
5851 22
5852 55
5853 125
5854 109
5855 127
5856 132
5857 71
5858 123
5859 62
5860 86
5861 69
5862 62
5863 89
5864 55
5865 115
5866 85
5867 139
5868 119
5869 149
5870 62
5871 140
5872 109
5873 140
5874 74
5875 79
5876 47
5877 162
5878 213
5879 149
5880 81
5881 136
5882 102
5883 146
5884 90
5885 51
5886 37
5887 141
5888 70
5889 309
5890 68
5891 93
5892 18
5893 63
5894 71
5895 89
5896 72
5897 165
5898 48
5899 58
5900 152
5901 67
5902 103
5903 52
5904 139
5905 136
5906 44
5907 178
5908 92
5909 211
5910 66
5911 199
5912 110
5913 93
5914 155
5915 118
5916 133
5917 142
5918 76
5919 79
5920 152
5921 279
5922 94
5923 108
5924 100
5925 64
5926 45
5927 118
5928 176
5929 43
5930 131
5931 86
5932 117
5933 179
5934 115
5935 151
5936 85
5937 103
5938 83
5939 195
5940 149
5941 92
5942 212
5943 98
5944 127
5945 108
5946 141
5947 57
5948 99
5949 131
5950 123
5951 86
5952 103
5953 208
5954 163
5955 56
5956 77
5957 37
5958 90
5959 91
5960 341
5961 105
5962 146
5963 30
5964 54
5965 130
5966 39
5967 68
5968 180
5969 245
5970 175
5971 90
5972 86
5973 73
5974 80
5975 182
5976 73
5977 167
5978 64
5979 105
5980 72
5981 132
5982 85
5983 80
5984 90
5985 133
5986 235
5987 97
5988 131
5989 112
5990 105
5991 86
5992 102
5993 33
5994 129
5995 62
5996 141
5997 173
5998 183
5999 94
6000 114
6001 44
6002 85
6003 169
6004 106
6005 201
6006 75
6007 96
6008 66
6009 105
6010 96
6011 139
6012 131
6013 55
6014 62
6015 109
6016 111
6017 75
6018 79
6019 137
6020 71
6021 303
6022 82
6023 157
6024 127
6025 32
6026 130
6027 74
6028 150
6029 26
6030 78
6031 134
6032 74
6033 41
6034 20
6035 162
6036 154
6037 172
6038 147
6039 66
6040 144
6041 59
6042 82
6043 79
6044 135
6045 64
6046 95
6047 94
6048 25
6049 101
6050 62
6051 133
6052 73
6053 114
6054 128
6055 41
6056 83
6057 120
6058 218
6059 139
6060 54
6061 167
6062 161
6063 53
6064 119
6065 69
6066 64
6067 90
6068 107
6069 127
6070 141
6071 120
6072 88
6073 84
6074 44
6075 179
6076 102
6077 217
6078 35
6079 150
6080 42
6081 82
6082 80
6083 113
6084 91
6085 95
6086 129
6087 85
6088 115
6089 221
6090 61
6091 147
6092 96
6093 285
6094 135
6095 41
6096 140
6097 230
6098 95
6099 166
6100 93
6101 69
6102 108
6103 111
6104 66
6105 36
6106 109
6107 59
6108 110
6109 158
6110 160
6111 18
6112 56
6113 12
6114 67
6115 203
6116 57
6117 141
6118 96
6119 38
6120 19
6121 92
6122 92
6123 212
6124 106
6125 88
6126 135
6127 108
6128 120
6129 204
6130 117
6131 98
6132 88
6133 57
6134 63
6135 90
6136 92
6137 140
6138 112
6139 71
6140 112
6141 123
6142 80
6143 66
6144 24
6145 46
6146 85
6147 60
6148 173
6149 115
6150 130
6151 126
6152 116
6153 71
6154 67
6155 117
6156 107
6157 159
6158 140
6159 55
6160 223
6161 86
6162 52
6163 122
6164 102
6165 145
6166 82
6167 82
6168 113
6169 140
6170 149
6171 124
6172 57
6173 134
6174 103
6175 84
6176 89
6177 180
6178 103
6179 122
6180 66
6181 53
6182 34
6183 76
6184 120
6185 144
6186 78
6187 96
6188 134
6189 124
6190 79
6191 116
6192 118
6193 77
6194 105
6195 68
6196 44
6197 93
6198 89
6199 97
6200 133
6201 109
6202 23
6203 52
6204 31
6205 117
6206 144
6207 48
6208 171
6209 134
6210 121
6211 171
6212 46
6213 22
6214 91
6215 57
6216 102
6217 88
6218 66
6219 146
6220 115
6221 106
6222 197
6223 72
6224 68
6225 166
6226 92
6227 49
6228 180
6229 120
6230 140
6231 107
6232 150
6233 90
6234 43
6235 13
6236 141
6237 120
6238 158
6239 77
6240 145
6241 49
6242 152
6243 25
6244 49
6245 71
6246 90
6247 126
6248 236
6249 30
6250 138
6251 106
6252 155
6253 72
6254 94
6255 87
6256 142
6257 158
6258 68
6259 68
6260 59
6261 116
6262 106
6263 123
6264 102
6265 57
6266 122
6267 108
6268 130
6269 110
6270 77
6271 24
6272 37
6273 130
6274 209
6275 130
6276 87
6277 66
6278 90
6279 71
6280 112
6281 29
6282 93
6283 24
6284 71
6285 26
6286 98
6287 75
6288 147
6289 180
6290 88
6291 52
6292 102
6293 143
6294 152
6295 32
6296 75
6297 82
6298 131
6299 40
6300 79
6301 150
6302 62
6303 91
6304 55
6305 174
6306 89
6307 82
6308 28
6309 123
6310 105
6311 79
6312 98
6313 89
6314 77
6315 53
6316 145
6317 96
6318 96
6319 203
6320 55
6321 146
6322 35
6323 99
6324 66
6325 122
6326 33
6327 149
6328 57
6329 112
6330 101
6331 114
6332 112
6333 174
6334 81
6335 55
6336 61
6337 64
6338 101
6339 74
6340 80
6341 100
6342 56
6343 119
6344 95
6345 59
6346 92
6347 72
6348 92
6349 71
6350 121
6351 90
6352 118
6353 125
6354 107
6355 123
6356 81
6357 57
6358 50
6359 51
6360 50
6361 115
6362 71
6363 113
6364 71
6365 74
6366 154
6367 145
6368 170
6369 71
6370 58
6371 65
6372 67
6373 66
6374 90
6375 50
6376 69
6377 260
6378 88
6379 30
6380 110
6381 112
6382 124
6383 105
6384 85
6385 82
6386 131
6387 46
6388 106
6389 60
6390 142
6391 62
6392 76
6393 74
6394 137
6395 125
6396 116
6397 140
6398 69
6399 78
6400 70
6401 96
6402 99
6403 137
6404 89
6405 27
6406 27
6407 35
6408 123
6409 72
6410 132
6411 108
6412 91
6413 125
6414 20
6415 121
6416 228
6417 154
6418 146
6419 145
6420 65
6421 239
6422 26
6423 71
6424 84
6425 115
6426 27
6427 87
6428 79
6429 79
6430 77
6431 64
6432 256
6433 91
6434 36
6435 37
6436 145
6437 158
6438 129
6439 207
6440 35
6441 0
6442 77
6443 74
6444 87
6445 146
6446 101
6447 54
6448 109
6449 131
6450 91
6451 37
6452 73
6453 94
6454 101
6455 127
6456 60
6457 185
6458 48
6459 34
6460 91
6461 59
6462 142
6463 158
6464 90
6465 80
6466 77
6467 95
6468 98
6469 83
6470 52
6471 163
6472 103
6473 97
6474 58
6475 72
6476 80
6477 51
6478 119
6479 70
6480 98
6481 136
6482 82
6483 98
6484 145
6485 31
6486 89
6487 140
6488 47
6489 133
6490 45
6491 135
6492 121
6493 48
6494 141
6495 153
6496 175
6497 87
6498 53
6499 136
6500 118
6501 62
6502 39
6503 81
6504 100
6505 57
6506 47
6507 110
6508 57
6509 108
6510 86
6511 132
6512 80
6513 38
6514 77
6515 70
6516 188
6517 83
6518 127
6519 82
6520 46
6521 122
6522 119
6523 106
6524 63
6525 158
6526 56
6527 62
6528 111
6529 88
6530 186
6531 75
6532 70
6533 101
6534 266
6535 50
6536 143
6537 50
6538 223
6539 66
6540 90
6541 60
6542 185
6543 61
6544 120
6545 53
6546 120
6547 111
6548 48
6549 34
6550 35
6551 68
6552 70
6553 54
6554 111
6555 41
6556 141
6557 187
6558 101
6559 69
6560 51
6561 177
6562 114
6563 60
6564 28
6565 99
6566 83
6567 189
6568 147
6569 70
6570 96
6571 132
6572 110
6573 59
6574 118
6575 112
6576 72
6577 127
6578 162
6579 97
6580 104
6581 108
6582 114
6583 102
6584 88
6585 85
6586 163
6587 78
6588 105
6589 96
6590 120
6591 135
6592 100
6593 143
6594 92
6595 35
6596 186
6597 60
6598 69
6599 155
6600 27
6601 90
6602 150
6603 85
6604 7
6605 79
6606 147
6607 85
6608 79
6609 72
6610 131
6611 137
6612 162
6613 53
6614 104
6615 132
6616 185
6617 163
6618 153
6619 44
6620 73
6621 82
6622 32
6623 143
6624 119
6625 69
6626 131
6627 86
6628 112
6629 52
6630 90
6631 97
6632 112
6633 70
6634 164
6635 66
6636 115
6637 108
6638 61
6639 145
6640 94
6641 89
6642 82
6643 88
6644 61
6645 198
6646 35
6647 64
6648 176
6649 64
6650 13
6651 49
6652 114
6653 95
6654 114
6655 208
6656 114
6657 94
6658 62
6659 180
6660 113
6661 69
6662 61
6663 126
6664 87
6665 113
6666 45
6667 56
6668 87
6669 107
6670 42
6671 211
6672 126
6673 146
6674 186
6675 88
6676 139
6677 125
6678 109
6679 65
6680 276
6681 101
6682 82
6683 112
6684 53
6685 116
6686 51
6687 130
6688 120
6689 28
6690 139
6691 51
6692 72
6693 50
6694 70
6695 157
6696 156
6697 108
6698 119
6699 97
6700 28
6701 -14
6702 90
6703 184
6704 88
6705 79
6706 -5
6707 85
6708 239
6709 93
6710 159
6711 120
6712 179
6713 79
6714 184
6715 87
6716 69
6717 45
6718 52
6719 69
6720 84
6721 166
6722 144
6723 139
6724 132
6725 50
6726 130
6727 105
6728 109
6729 115
6730 83
6731 126
6732 44
6733 63
6734 136
6735 74
6736 43
6737 96
6738 87
6739 92
6740 171
6741 100
6742 193
6743 80
6744 103
6745 64
6746 45
6747 77
6748 91
6749 82
6750 133
6751 47
6752 105
6753 36
6754 21
6755 23
6756 82
6757 20
6758 95
6759 47
6760 156
6761 23
6762 66
6763 218
6764 425
6765 184
6766 83
6767 19
6768 56
6769 90
6770 116
6771 86
6772 89
6773 98
6774 123
6775 14
6776 90
6777 90
6778 102
6779 112
6780 66
6781 77
6782 102
6783 109
6784 67
6785 100
6786 61
6787 65
6788 41
6789 -4
6790 69
6791 31
6792 86
6793 226
6794 104
6795 306
6796 76
6797 174
6798 71
6799 63
6800 124
6801 91
6802 112
6803 89
6804 45
6805 279
6806 77
6807 81
6808 121
6809 76
6810 167
6811 54
6812 98
6813 149
6814 181
6815 143
6816 204
6817 115
6818 128
6819 96
6820 204
6821 130
6822 75
6823 113
6824 85
6825 84
6826 134
6827 102
6828 133
6829 140
6830 123
6831 52
6832 61
6833 26
6834 80
6835 125
6836 112
6837 112
6838 183
6839 60
6840 80
6841 74
6842 146
6843 126
6844 128
6845 58
6846 185
6847 167
6848 43
6849 95
6850 79
6851 101
6852 50
6853 152
6854 67
6855 63
6856 45
6857 54
6858 33
6859 42
6860 121
6861 64
6862 57
6863 45
6864 68
6865 48
6866 111
6867 86
6868 179
6869 158
6870 156
6871 217
6872 24
6873 103
6874 145
6875 78
6876 75
6877 131
6878 88
6879 160
6880 84
6881 48
6882 81
6883 75
6884 122
6885 48
6886 119
6887 76
6888 141
6889 73
6890 120
6891 53
6892 158
6893 34
6894 82
6895 103
6896 90
6897 131
6898 126
6899 65
6900 32
6901 69
6902 43
6903 91
6904 56
6905 123
6906 61
6907 66
6908 116
6909 86
6910 43
6911 110
6912 129
6913 120
6914 5
6915 94
6916 35
6917 106
6918 117
6919 0
6920 101
6921 55
6922 113
6923 94
6924 192
6925 67
6926 65
6927 69
6928 95
6929 71
6930 157
6931 120
6932 142
6933 118
6934 141
6935 48
6936 96
6937 70
6938 177
6939 98
6940 98
6941 72
6942 100
6943 93
6944 82
6945 77
6946 79
6947 150
6948 150
6949 60
6950 142
6951 100
6952 81
6953 15
6954 98
6955 74
6956 49
6957 70
6958 78
6959 186
6960 66
6961 98
6962 113
6963 71
6964 156
6965 42
6966 67
6967 43
6968 97
6969 -7
6970 38
6971 64
6972 121
6973 79
6974 111
6975 129
6976 79
6977 23
6978 98
6979 102
6980 92
6981 156
6982 141
6983 79
6984 127
6985 142
6986 50
6987 160
6988 128
6989 48
6990 66
6991 112
6992 92
6993 66
6994 182
6995 -10
6996 112
6997 76
6998 51
6999 75
7000 92
7001 74
7002 122
7003 40
7004 101
7005 63
7006 92
7007 39
7008 93
7009 91
7010 68
7011 13
7012 118
7013 46
7014 66
7015 99
7016 34
7017 194
7018 48
7019 44
7020 124
7021 48
7022 97
7023 79
7024 73
7025 107
7026 111
7027 85
7028 115
7029 75
7030 84
7031 104
7032 71
7033 143
7034 63
7035 195
7036 90
7037 33
7038 58
7039 118
7040 55
7041 108
7042 67
7043 30
7044 108
7045 66
7046 115
7047 3
7048 89
7049 118
7050 87
7051 36
7052 108
7053 56
7054 114
7055 82
7056 65
7057 32
7058 32
7059 164
7060 56
7061 132
7062 87
7063 67
7064 79
7065 132
7066 136
7067 113
7068 142
7069 168
7070 90
7071 103
7072 55
7073 191
7074 106
7075 175
7076 41
7077 58
7078 -15
7079 117
7080 109
7081 114
7082 123
7083 64
7084 124
7085 93
7086 97
7087 134
7088 31
7089 119
7090 85
7091 34
7092 83
7093 195
7094 124
7095 49
7096 85
7097 38
7098 150
7099 106
7100 161
7101 38
7102 139
7103 111
7104 63
7105 110
7106 121
7107 100
7108 89
7109 113
7110 80
7111 21
7112 73
7113 36
7114 43
7115 40
7116 62
7117 49
7118 124
7119 53
7120 53
7121 110
7122 150
7123 74
7124 146
7125 205
7126 37
7127 23
7128 120
7129 109
7130 132
7131 70
7132 62
7133 30
7134 62
7135 180
7136 62
7137 60
7138 36
7139 54
7140 15
7141 87
7142 93
7143 133
7144 44
7145 111
7146 164
7147 79
7148 31
7149 144
7150 144
7151 75
7152 146
7153 54
7154 111
7155 66
7156 70
7157 62
7158 65
7159 72
7160 22
7161 61
7162 62
7163 132
7164 148
7165 100
7166 167
7167 104
7168 128
7169 122
7170 134
7171 90
7172 111
7173 47
7174 152
7175 98
7176 34
7177 126
7178 134
7179 63
7180 31
7181 96
7182 116
7183 88
7184 85
7185 76
7186 52
7187 93
7188 127
7189 25
7190 133
7191 102
7192 34
7193 68
7194 81
7195 80
7196 50
7197 108
7198 109
7199 43
7200 169
7201 123
7202 124
7203 188
7204 125
7205 42
7206 75
7207 70
7208 95
7209 53
7210 59
7211 42
7212 66
7213 93
7214 114
7215 59
7216 60
7217 118
7218 80
7219 65
7220 97
7221 50
7222 25
7223 32
7224 48
7225 125
7226 103
7227 66
7228 17
7229 64
7230 93
7231 61
7232 158
7233 99
7234 72
7235 136
7236 114
7237 192
7238 91
7239 62
7240 95
7241 38
7242 73
7243 121
7244 137
7245 109
7246 119
7247 17
7248 51
7249 74
7250 84
7251 46
7252 114
7253 46
7254 70
7255 64
7256 122
7257 48
7258 134
7259 51
7260 94
7261 51
7262 187
7263 49
7264 72
7265 19
7266 108
7267 95
7268 27
7269 164
7270 76
7271 78
7272 102
7273 103
7274 76
7275 179
7276 72
7277 71
7278 81
7279 113
7280 33
7281 63
7282 51
7283 31
7284 49
7285 80
7286 41
7287 10
7288 39
7289 110
7290 49
7291 57
7292 58
7293 89
7294 61
7295 136
7296 44
7297 160
7298 89
7299 42
7300 147
7301 41
7302 85
7303 113
7304 101
7305 96
7306 82
7307 129
7308 68
7309 71
7310 -3
7311 101
7312 150
7313 34
7314 62
7315 49
7316 73
7317 97
7318 42
7319 61
7320 103
7321 109
7322 98
7323 47
7324 43
7325 140
7326 118
7327 50
7328 110
7329 88
7330 96
7331 119
7332 47
7333 38
7334 51
7335 84
7336 105
7337 110
7338 18
7339 124
7340 33
7341 73
7342 83
7343 34
7344 57
7345 116
7346 61
7347 45
7348 51
7349 150
7350 89
7351 -13
7352 61
7353 46
7354 46
7355 55
7356 47
7357 97
7358 122
7359 101
7360 54
7361 67
7362 118
7363 89
7364 39
7365 46
7366 82
7367 76
7368 56
7369 30
7370 48
7371 51
7372 46
7373 63
7374 127
7375 58
7376 99
7377 98
7378 38
7379 238
7380 64
7381 44
7382 130
7383 19
7384 88
7385 74
7386 46
7387 131
7388 173
7389 53
7390 127
7391 108
7392 99
7393 63
7394 92
7395 47
7396 69
7397 83
7398 92
7399 16
7400 34
7401 92
7402 69
7403 244
7404 110
7405 85
7406 50
7407 65
7408 29
7409 58
7410 29
7411 75
7412 43
7413 87
7414 111
7415 45
7416 -12
7417 70
7418 109
7419 87
7420 76
7421 16
7422 89
7423 177
7424 111
7425 60
7426 81
7427 94
7428 133
7429 73
7430 38
7431 93
7432 38
7433 77
7434 40
7435 71
7436 57
7437 28
7438 19
7439 161
7440 53
7441 63
7442 108
7443 43
7444 27
7445 58
7446 93
7447 53
7448 233
7449 71
7450 195
7451 64
7452 47
7453 129
7454 179
7455 56
7456 58
7457 56
7458 50
7459 137
7460 99
7461 88
7462 120
7463 72
7464 45
7465 79
7466 75
7467 36
7468 117
7469 76
7470 96
7471 95
7472 79
7473 -18
7474 110
7475 48
7476 67
7477 17
7478 98
7479 120
7480 50
7481 77
7482 26
7483 34
7484 109
7485 96
7486 68
7487 110
7488 168
7489 66
7490 93
7491 29
7492 89
7493 116
7494 57
7495 65
7496 150
7497 90
7498 35
7499 49
7500 68
7501 101
7502 32
7503 108
7504 92
7505 105
7506 64
7507 44
7508 99
7509 88
7510 27
7511 179
7512 60
7513 102
7514 83
7515 55
7516 113
7517 43
7518 73
7519 85
7520 118
7521 39
7522 49
7523 161
7524 5
7525 69
7526 148
7527 82
7528 108
7529 61
7530 56
7531 71
7532 103
7533 147
7534 101
7535 79
7536 67
7537 167
7538 71
7539 112
7540 50
7541 57
7542 102
7543 106
7544 110
7545 101
7546 52
7547 50
7548 112
7549 111
7550 70
7551 100
7552 55
7553 89
7554 118
7555 75
7556 148
7557 62
7558 128
7559 58
7560 58
7561 114
7562 116
7563 103
7564 103
7565 235
7566 69
7567 108
7568 121
7569 41
7570 87
7571 86
7572 148
7573 153
7574 98
7575 79
7576 92
7577 89
7578 23
7579 29
7580 77
7581 70
7582 34
7583 120
7584 71
7585 32
7586 27
7587 24
7588 134
7589 57
7590 138
7591 42
7592 149
7593 165
7594 79
7595 89
7596 30
7597 105
7598 49
7599 117
7600 11
7601 37
7602 67
7603 94
7604 154
7605 81
7606 125
7607 77
7608 17
7609 47
7610 9
7611 173
7612 53
7613 54
7614 90
7615 106
7616 99
7617 33
7618 107
7619 41
7620 130
7621 57
7622 23
7623 123
7624 13
7625 60
7626 53
7627 0
7628 117
7629 80
7630 20
7631 130
7632 121
7633 66
7634 -24
7635 65
7636 69
7637 75
7638 72
7639 62
7640 102
7641 70
7642 68
7643 34
7644 82
7645 55
7646 44
7647 77
7648 61
7649 155
7650 26
7651 51
7652 41
7653 160
7654 79
7655 62
7656 77
7657 144
7658 91
7659 64
7660 33
7661 84
7662 104
7663 98
7664 49
7665 100
7666 112
7667 36
7668 64
7669 115
7670 54
7671 76
7672 48
7673 51
7674 175
7675 34
7676 35
7677 109
7678 78
7679 72
7680 63
7681 93
7682 55
7683 358
7684 79
7685 -1
7686 104
7687 51
7688 82
7689 35
7690 30
7691 64
7692 249
7693 101
7694 48
7695 54
7696 87
7697 87
7698 75
7699 96
7700 282
7701 46
7702 73
7703 53
7704 113
7705 83
7706 59
7707 26
7708 93
7709 18
7710 67
7711 129
7712 59
7713 114
7714 107
7715 58
7716 129
7717 77
7718 68
7719 75
7720 98
7721 49
7722 133
7723 51
7724 34
7725 89
7726 86
7727 8
7728 65
7729 -12
7730 2
7731 178
7732 37
7733 100
7734 51
7735 68
7736 68
7737 68
7738 104
7739 5
7740 55
7741 45
7742 84
7743 70
7744 109
7745 57
7746 56
7747 59
7748 79
7749 7
7750 97
7751 58
7752 255
7753 68
7754 47
7755 78
7756 80
7757 103
7758 117
7759 63
7760 171
7761 32
7762 121
7763 70
7764 53
7765 25
7766 65
7767 53
7768 133
7769 22
7770 105
7771 108
7772 83
7773 161
7774 110
7775 20
7776 107
7777 122
7778 48
7779 74
7780 6
7781 70
7782 52
7783 46
7784 82
7785 127
7786 143
7787 23
7788 60
7789 121
7790 90
7791 65
7792 77
7793 75
7794 69
7795 46
7796 54
7797 101
7798 64
7799 84
7800 141
7801 63
7802 67
7803 18
7804 48
7805 55
7806 84
7807 92
7808 38
7809 80
7810 52
7811 52
7812 15
7813 71
7814 67
7815 143
7816 165
7817 42
7818 12
7819 91
7820 46
7821 0
7822 153
7823 88
7824 44
7825 22
7826 127
7827 70
7828 14
7829 83
7830 24
7831 20
7832 195
7833 50
7834 91
7835 87
7836 110
7837 68
7838 83
7839 14
7840 119
7841 174
7842 52
7843 111
7844 30
7845 27
7846 18
7847 67
7848 56
7849 27
7850 83
7851 62
7852 80
7853 174
7854 65
7855 59
7856 65
7857 85
7858 31
7859 31
7860 49
7861 299
7862 54
7863 134
7864 148
7865 67
7866 89
7867 156
7868 73
7869 53
7870 10
7871 79
7872 28
7873 8
7874 37
7875 41
7876 45
7877 113
7878 137
7879 78
7880 97
7881 65
7882 68
7883 80
7884 49
7885 46
7886 163
7887 55
7888 63
7889 62
7890 37
7891 146
7892 78
7893 102
7894 94
7895 21
7896 125
7897 117
7898 84
7899 55
7900 111
7901 126
7902 137
7903 51
7904 66
7905 60
7906 73
7907 24
7908 77
7909 96
7910 100
7911 124
7912 81
7913 75
7914 88
7915 106
7916 50
7917 70
7918 94
7919 64
7920 112
7921 119
7922 62
7923 58
7924 76
7925 26
7926 93
7927 142
7928 -2
7929 85
7930 77
7931 60
7932 56
7933 88
7934 71
7935 82
7936 24
7937 83
7938 159
7939 50
7940 97
7941 38
7942 63
7943 121
7944 52
7945 74
7946 60
7947 33
7948 45
7949 36
7950 96
7951 52
7952 38
7953 28
7954 96
7955 84
7956 91
7957 88
7958 74
7959 40
7960 65
7961 54
7962 0
7963 2
7964 34
7965 51
7966 40
7967 93
7968 50
7969 125
7970 52
7971 15
7972 18
7973 56
7974 12
7975 25
7976 153
7977 112
7978 59
7979 104
7980 161
7981 113
7982 32
7983 83
7984 118
7985 102
7986 25
7987 -9
7988 42
7989 67
7990 30
7991 27
7992 85
7993 26
7994 23
7995 32
7996 68
7997 89
7998 80
7999 75
8000 94
8001 82
8002 92
8003 73
8004 88
8005 80
8006 89
8007 67
8008 103
8009 44
8010 53
8011 63
8012 85
8013 64
8014 55
8015 71
8016 116
8017 60
8018 72
8019 71
8020 94
8021 104
8022 30
8023 66
8024 126
8025 -1
8026 80
8027 103
8028 12
8029 157
8030 79
8031 79
8032 69
8033 94
8034 66
8035 63
8036 72
8037 29
8038 67
8039 46
8040 56
8041 35
8042 52
8043 61
8044 60
8045 54
8046 84
8047 56
8048 76
8049 68
8050 34
8051 117
8052 56
8053 49
8054 97
8055 63
8056 83
8057 58
8058 54
8059 63
8060 83
8061 93
8062 101
8063 45
8064 26
8065 57
8066 90
8067 91
8068 81
8069 61
8070 47
8071 41
8072 67
8073 53
8074 107
8075 123
8076 67
8077 90
8078 45
8079 209
8080 49
8081 43
8082 73
8083 65
8084 91
8085 23
8086 81
8087 46
8088 175
8089 65
8090 126
8091 19
8092 34
8093 69
8094 86
8095 121
8096 98
8097 120
8098 60
8099 78
8100 73
8101 79
8102 57
8103 -5
8104 47
8105 75
8106 130
8107 33
8108 20
8109 16
8110 6
8111 51
8112 56
8113 95
8114 50
8115 75
8116 142
8117 76
8118 97
8119 19
8120 96
8121 72
8122 75
8123 59
8124 60
8125 51
8126 132
8127 30
8128 99
8129 154
8130 51
8131 51
8132 68
8133 88
8134 66
8135 112
8136 53
8137 109
8138 124
8139 149
8140 89
8141 15
8142 78
8143 24
8144 55
8145 80
8146 75
8147 74
8148 13
8149 28
8150 58
8151 59
8152 78
8153 115
8154 101
8155 96
8156 64
8157 59
8158 53
8159 32
8160 61
8161 73
8162 118
8163 25
8164 28
8165 109
8166 251
8167 59
8168 57
8169 69
8170 43
8171 61
8172 19
8173 88
8174 50
8175 43
8176 11
8177 71
8178 22
8179 94
8180 51
8181 43
8182 52
8183 107
8184 38
8185 97
8186 10
8187 60
8188 38
8189 34
8190 76
8191 71
8192 112
8193 57
8194 36
8195 74
8196 86
8197 -2
8198 50
8199 15
8200 105
8201 29
8202 103
8203 84
8204 63
8205 -8
8206 70
8207 64
8208 60
8209 35
8210 70
8211 96
8212 41
8213 89
8214 72
8215 39
8216 65
8217 80
8218 109
8219 114
8220 57
8221 105
8222 57
8223 61
8224 90
8225 40
8226 138
8227 67
8228 134
8229 153
8230 83
8231 77
8232 73
8233 1
8234 7
8235 56
8236 138
8237 41
8238 66
8239 56
8240 32
8241 107
8242 38
8243 100
8244 62
8245 145
8246 38
8247 83
8248 163
8249 98
8250 95
8251 55
8252 20
8253 106
8254 63
8255 22
8256 112
8257 94
8258 44
8259 101
8260 59
8261 70
8262 38
8263 63
8264 135
8265 61
8266 82
8267 83
8268 118
8269 24
8270 38
8271 63
8272 95
8273 32
8274 84
8275 21
8276 70
8277 41
8278 78
8279 89
8280 34
8281 138
8282 120
8283 91
8284 121
8285 62
8286 41
8287 112
8288 116
8289 81
8290 43
8291 91
8292 119
8293 51
8294 39
8295 96
8296 76
8297 88
8298 37
8299 78
8300 64
8301 128
8302 27
8303 57
8304 127
8305 157
8306 28
8307 110
8308 0
8309 96
8310 61
8311 57
8312 59
8313 77
8314 86
8315 94
8316 64
8317 50
8318 65
8319 67
8320 58
8321 39
8322 66
8323 183
8324 99
8325 99
8326 89
8327 45
8328 15
8329 116
8330 60
8331 34
8332 65
8333 55
8334 99
8335 79
8336 78
8337 69
8338 90
8339 86
8340 70
8341 110
8342 1
8343 46
8344 129
8345 77
8346 92
8347 28
8348 41
8349 132
8350 98
8351 33
8352 89
8353 109
8354 50
8355 58
8356 84
8357 52
8358 48
8359 101
8360 79
8361 26
8362 18
8363 101
8364 127
8365 32
8366 53
8367 44
8368 2
8369 100
8370 124
8371 21
8372 69
8373 33
8374 42
8375 68
8376 28
8377 113
8378 48
8379 49
8380 99
8381 113
8382 74
8383 -3
8384 95
8385 57
8386 84
8387 57
8388 37
8389 36
8390 35
8391 57
8392 51
8393 66
8394 54
8395 66
8396 67
8397 21
8398 59
8399 57
8400 9
8401 95
8402 69
8403 135
8404 31
8405 32
8406 61
8407 92
8408 108
8409 43
8410 63
8411 80
8412 73
8413 135
8414 137
8415 109
8416 45
8417 23
8418 97
8419 57
8420 123
8421 55
8422 -6
8423 127
8424 90
8425 10
8426 56
8427 34
8428 84
8429 90
8430 52
8431 152
8432 86
8433 32
8434 45
8435 62
8436 91
8437 76
8438 17
8439 71
8440 39
8441 89
8442 84
8443 57
8444 73
8445 40
8446 41
8447 72
8448 91
8449 11
8450 64
8451 89
8452 55
8453 134
8454 72
8455 73
8456 82
8457 67
8458 79
8459 58
8460 63
8461 31
8462 86
8463 65
8464 79
8465 14
8466 110
8467 69
8468 79
8469 95
8470 54
8471 123
8472 70
8473 82
8474 54
8475 28
8476 87
8477 91
8478 34
8479 0
8480 41
8481 26
8482 54
8483 175
8484 66
8485 131
8486 9
8487 80
8488 26
8489 57
8490 4
8491 67
8492 63
8493 67
8494 74
8495 82
8496 36
8497 21
8498 99
8499 24
8500 5
8501 94
8502 289
8503 34
8504 27
8505 99
8506 87
8507 107
8508 16
8509 71
8510 85
8511 87
8512 67
8513 22
8514 20
8515 44
8516 63
8517 128
8518 104
8519 54
8520 113
8521 93
8522 31
8523 60
8524 132
8525 78
8526 125
8527 24
8528 32
8529 121
8530 119
8531 60
8532 43
8533 93
8534 93
8535 50
8536 11
8537 34
8538 -1
8539 103
8540 109
8541 72
8542 46
8543 20
8544 70
8545 74
8546 35
8547 110
8548 10
8549 64
8550 100
8551 54
8552 27
8553 45
8554 61
8555 84
8556 106
8557 52
8558 62
8559 152
8560 95
8561 20
8562 63
8563 60
8564 23
8565 41
8566 143
8567 83
8568 40
8569 60
8570 30
8571 20
8572 95
8573 138
8574 37
8575 23
8576 36
8577 13
8578 122
8579 15
8580 15
8581 81
8582 50
8583 35
8584 48
8585 45
8586 47
8587 11
8588 46
8589 83
8590 72
8591 72
8592 98
8593 52
8594 5
8595 55
8596 57
8597 81
8598 248
8599 68
8600 49
8601 73
8602 71
8603 73
8604 55
8605 27
8606 41
8607 87
8608 71
8609 125
8610 80
8611 69
8612 -2
8613 82
8614 44
8615 67
8616 110
8617 115
8618 152
8619 39
8620 39
8621 60
8622 39
8623 92
8624 119
8625 43
8626 52
8627 105
8628 -25
8629 85
8630 28
8631 112
8632 117
8633 62
8634 69
8635 104
8636 36
8637 79
8638 1
8639 90
8640 39
8641 23
8642 94
8643 71
8644 103
8645 66
8646 77
8647 102
8648 36
8649 108
8650 96
8651 93
8652 46
8653 89
8654 74
8655 57
8656 61
8657 35
8658 40
8659 31
8660 53
8661 96
8662 86
8663 91
8664 86
8665 68
8666 39
8667 40
8668 95
8669 22
8670 69
8671 94
8672 70
8673 205
8674 3
8675 41
8676 68
8677 51
8678 82
8679 23
8680 93
8681 55
8682 83
8683 25
8684 39
8685 28
8686 21
8687 96
8688 49
8689 57
8690 69
8691 88
8692 60
8693 67
8694 85
8695 31
8696 45
8697 27
8698 23
8699 53
8700 19
8701 70
8702 107
8703 116
8704 49
8705 27
8706 87
8707 69
8708 29
8709 53
8710 37
8711 61
8712 89
8713 89
8714 50
8715 80
8716 35
8717 72
8718 61
8719 25
8720 28
8721 25
8722 54
8723 46
8724 124
8725 56
8726 98
8727 95
8728 105
8729 52
8730 74
8731 67
8732 77
8733 51
8734 44
8735 326
8736 14
8737 97
8738 99
8739 75
8740 67
8741 19
8742 105
8743 50
8744 44
8745 60
8746 78
8747 23
8748 37
8749 36
8750 71
8751 40
8752 27
8753 32
8754 106
8755 15
8756 72
8757 31
8758 85
8759 68
8760 72
8761 67
8762 34
8763 4
8764 47
8765 88
8766 46
8767 106
8768 2
8769 60
8770 55
8771 37
8772 41
8773 39
8774 83
8775 76
8776 51
8777 30
8778 49
8779 8
8780 120
8781 77
8782 82
8783 21
8784 5
8785 -2
8786 115
8787 84
8788 80
8789 72
8790 41
8791 86
8792 88
8793 51
8794 60
8795 31
8796 47
8797 27
8798 53
8799 78
8800 122
8801 56
8802 73
8803 16
8804 73
8805 95
8806 86
8807 29
8808 70
8809 152
8810 121
8811 85
8812 40
8813 44
8814 45
8815 76
8816 17
8817 55
8818 42
8819 81
8820 26
8821 73
8822 31
8823 60
8824 24
8825 86
8826 43
8827 71
8828 98
8829 31
8830 36
8831 14
8832 6
8833 48
8834 83
8835 22
8836 82
8837 62
8838 88
8839 142
8840 62
8841 31
8842 17
8843 49
8844 88
8845 63
8846 58
8847 18
8848 32
8849 49
8850 24
8851 5
8852 65
8853 75
8854 53
8855 67
8856 15
8857 78
8858 45
8859 39
8860 46
8861 23
8862 335
8863 69
8864 82
8865 93
8866 157
8867 109
8868 85
8869 79
8870 100
8871 71
8872 61
8873 66
8874 58
8875 133
8876 74
8877 54
8878 46
8879 58
8880 80
8881 41
8882 27
8883 70
8884 46
8885 37
8886 49
8887 111
8888 37
8889 45
8890 23
8891 66
8892 39
8893 -15
8894 85
8895 52
8896 71
8897 171
8898 51
8899 110
8900 37
8901 6
8902 93
8903 39
8904 56
8905 52
8906 74
8907 67
8908 86
8909 17
8910 86
8911 52
8912 27
8913 39
8914 40
8915 106
8916 20
8917 2
8918 34
8919 30
8920 19
8921 60
8922 59
8923 115
8924 74
8925 67
8926 77
8927 127
8928 89
8929 50
8930 64
8931 12
8932 94
8933 33
8934 55
8935 79
8936 55
8937 40
8938 62
8939 43
8940 56
8941 16
8942 50
8943 37
8944 18
8945 43
8946 41
8947 62
8948 82
8949 66
8950 91
8951 65
8952 13
8953 118
8954 15
8955 54
8956 15
8957 33
8958 66
8959 67
8960 53
8961 38
8962 103
8963 34
8964 60
8965 53
8966 61
8967 29
8968 101
8969 58
8970 2
8971 31
8972 51
8973 104
8974 90
8975 5
8976 68
8977 100
8978 26
8979 61
8980 62
8981 93
8982 90
8983 45
8984 18
8985 39
8986 20
8987 58
8988 15
8989 48
8990 55
8991 55
8992 49
8993 28
8994 76
8995 61
8996 67
8997 61
8998 62
8999 18
9000 42
9001 86
9002 35
9003 25
9004 111
9005 58
9006 30
9007 17
9008 71
9009 26
9010 43
9011 141
9012 86
9013 114
9014 8
9015 50
9016 58
9017 96
9018 28
9019 -15
9020 37
9021 -4
9022 11
9023 46
9024 44
9025 148
9026 62
9027 76
9028 72
9029 56
9030 89
9031 34
9032 71
9033 64
9034 49
9035 14
9036 45
9037 79
9038 69
9039 100
9040 45
9041 48
9042 21
9043 122
9044 53
9045 16
9046 31
9047 32
9048 34
9049 22
9050 35
9051 32
9052 62
9053 93
9054 80
9055 40
9056 46
9057 12
9058 34
9059 42
9060 36
9061 22
9062 49
9063 88
9064 30
9065 87
9066 25
9067 29
9068 27
9069 61
9070 33
9071 70
9072 66
9073 54
9074 56
9075 64
9076 57
9077 62
9078 80
9079 44
9080 60
9081 40
9082 57
9083 39
9084 54
9085 31
9086 43
9087 69
9088 28
9089 59
9090 39
9091 43
9092 37
9093 48
9094 56
9095 80
9096 63
9097 42
9098 49
9099 27
9100 98
9101 52
9102 68
9103 59
9104 18
9105 91
9106 39
9107 22
9108 -2
9109 31
9110 67
9111 64
9112 57
9113 45
9114 60
9115 45
9116 28
9117 59
9118 73
9119 99
9120 42
9121 66
9122 14
9123 67
9124 69
9125 36
9126 31
9127 5
9128 38
9129 98
9130 51
9131 46
9132 51
9133 26
9134 25
9135 31
9136 55
9137 28
9138 89
9139 97
9140 57
9141 28
9142 49
9143 35
9144 68
9145 50
9146 46
9147 69
9148 27
9149 38
9150 59
9151 19
9152 78
9153 34
9154 36
9155 40
9156 -4
9157 48
9158 55
9159 51
9160 65
9161 28
9162 53
9163 19
9164 84
9165 52
9166 12
9167 32
9168 76
9169 69
9170 51
9171 60
9172 15
9173 35
9174 -20
9175 -9
9176 65
9177 58
9178 16
9179 16
9180 27
9181 0
9182 96
9183 45
9184 71
9185 26
9186 30
9187 50
9188 39
9189 62
9190 27
9191 55
9192 57
9193 20
9194 73
9195 45
9196 27
9197 15
9198 27
9199 38
9200 47
9201 83
9202 27
9203 43
9204 43
9205 53
9206 87
9207 82
9208 10
9209 40
9210 24
9211 8
9212 83
9213 8
9214 88
9215 124
9216 27
9217 36
9218 28
9219 46
9220 47
9221 52
9222 82
9223 28
9224 53
9225 56
9226 67
9227 44
9228 21
9229 45
9230 37
9231 33
9232 55
9233 80
9234 31
9235 72
9236 60
9237 60
9238 50
9239 21
9240 8
9241 87
9242 86
9243 52
9244 53
9245 85
9246 25
9247 -12
9248 99
9249 72
9250 54
9251 50
9252 101
9253 -1
9254 34
9255 56
9256 40
9257 51
9258 44
9259 60
9260 47
9261 13
9262 18
9263 0
9264 31
9265 77
9266 29
9267 47
9268 21
9269 60
9270 29
9271 38
9272 23
9273 45
9274 24
9275 68
9276 -2
9277 76
9278 46
9279 38
9280 47
9281 37
9282 12
9283 43
9284 38
9285 11
9286 77
9287 134
9288 18
9289 45
9290 49
9291 37
9292 52
9293 -18
9294 32
9295 58
9296 39
9297 57
9298 13
9299 0
9300 40
9301 60
9302 5
9303 99
9304 80
9305 61
9306 2
9307 18
9308 35
9309 32
9310 20
9311 55
9312 115
9313 36
9314 50
9315 20
9316 36
9317 42
9318 25
9319 45
9320 45
9321 31
9322 107
9323 21
9324 -8
9325 64
9326 57
9327 37
9328 16
9329 78
9330 12
9331 80
9332 76
9333 58
9334 116
9335 68
9336 38
9337 51
9338 8
9339 79
9340 101
9341 71
9342 20
9343 15
9344 42
9345 31
9346 28
9347 14
9348 46
9349 54
9350 62
9351 52
9352 28
9353 13
9354 18
9355 39
9356 35
9357 89
9358 55
9359 30
9360 53
9361 61
9362 74
9363 54
9364 43
9365 22
9366 22
9367 58
9368 58
9369 89
9370 69
9371 24
9372 19
9373 91
9374 21
9375 10
9376 49
9377 64
9378 63
9379 7
9380 30
9381 27
9382 2
9383 18
9384 47
9385 66
9386 43
9387 42
9388 42
9389 69
9390 39
9391 12
9392 77
9393 43
9394 30
9395 72
9396 58
9397 60
9398 19
9399 87
9400 54
9401 48
9402 30
9403 27
9404 21
9405 54
9406 15
9407 80
9408 59
9409 63
9410 96
9411 24
9412 61
9413 46
9414 28
9415 26
9416 66
9417 37
9418 40
9419 16
9420 52
9421 10
9422 42
9423 30
9424 36
9425 27
9426 71
9427 65
9428 11
9429 40
9430 75
9431 50
9432 63
9433 64
9434 39
9435 22
9436 53
9437 56
9438 15
9439 81
9440 83
9441 44
9442 58
9443 24
9444 60
9445 53
9446 24
9447 72
9448 88
9449 25
9450 62
9451 42
9452 35
9453 16
9454 52
9455 -4
9456 9
9457 12
9458 12
9459 78
9460 6
9461 69
9462 69
9463 91
9464 49
9465 4
9466 -3
9467 19
9468 43
9469 31
9470 45
9471 46
9472 46
9473 15
9474 12
9475 83
9476 41
9477 48
9478 57
9479 16
9480 12
9481 57
9482 48
9483 20
9484 48
9485 34
9486 66
9487 13
9488 1
9489 34
9490 66
9491 19
9492 80
9493 97
9494 9
9495 15
9496 25
9497 32
9498 67
9499 55
9500 8
9501 15
9502 76
9503 27
9504 71
9505 35
9506 42
9507 37
9508 40
9509 59
9510 49
9511 43
9512 51
9513 -3
9514 27
9515 24
9516 -16
9517 51
9518 25
9519 47
9520 37
9521 59
9522 34
9523 72
9524 -12
9525 34
9526 51
9527 30
9528 165
9529 52
9530 -12
9531 39
9532 14
9533 26
9534 52
9535 27
9536 114
9537 47
9538 53
9539 106
9540 12
9541 15
9542 31
9543 15
9544 54
9545 65
9546 44
9547 12
9548 22
9549 67
9550 48
9551 51
9552 40
9553 42
9554 68
9555 36
9556 87
9557 31
9558 64
9559 4
9560 118
9561 42
9562 9
9563 37
9564 -22
9565 31
9566 32
9567 19
9568 57
9569 30
9570 8
9571 21
9572 17
9573 2
9574 42
9575 26
9576 34
9577 26
9578 86
9579 9
9580 9
9581 35
9582 6
9583 49
9584 49
9585 53
9586 60
9587 16
9588 43
9589 17
9590 28
9591 22
9592 54
9593 30
9594 72
9595 42
9596 48
9597 21
9598 48
9599 -2
9600 41
9601 17
9602 36
9603 15
9604 17
9605 27
9606 16
9607 42
9608 20
9609 -4
9610 24
9611 8
9612 45
9613 29
9614 32
9615 33
9616 38
9617 102
9618 49
9619 52
9620 27
9621 11
9622 31
9623 27
9624 12
9625 25
9626 30
9627 36
9628 65
9629 48
9630 48
9631 22
9632 69
9633 39
9634 41
9635 71
9636 17
9637 33
9638 56
9639 58
9640 6
9641 2
9642 36
9643 51
9644 30
9645 23
9646 52
9647 16
9648 37
9649 10
9650 120
9651 47
9652 27
9653 24
9654 43
9655 69
9656 20
9657 17
9658 55
9659 57
9660 66
9661 39
9662 49
9663 32
9664 17
9665 8
9666 21
9667 34
9668 3
9669 64
9670 27
9671 -10
9672 47
9673 90
9674 45
9675 48
9676 75
9677 29
9678 17
9679 37
9680 16
9681 42
9682 18
9683 66
9684 51
9685 73
9686 30
9687 14
9688 77
9689 21
9690 49
9691 16
9692 21
9693 37
9694 32
9695 33
9696 73
9697 16
9698 27
9699 0
9700 75
9701 29
9702 45
9703 0
9704 47
9705 28
9706 15
9707 12
9708 10
9709 37
9710 38
9711 42
9712 16
9713 25
9714 44
9715 19
9716 33
9717 2
9718 45
9719 45
9720 48
9721 30
9722 40
9723 7
9724 42
9725 62
9726 40
9727 37
9728 53
9729 89
9730 35
9731 7
9732 3
9733 37
9734 37
9735 14
9736 24
9737 26
9738 19
9739 49
9740 55
9741 29
9742 20
9743 77
9744 39
9745 65
9746 3
9747 11
9748 18
9749 44
9750 78
9751 60
9752 30
9753 66
9754 52
9755 27
9756 44
9757 28
9758 60
9759 57
9760 23
9761 34
9762 5
9763 25
9764 24
9765 23
9766 23
9767 12
9768 54
9769 65
9770 9
9771 18
9772 42
9773 15
9774 34
9775 25
9776 36
9777 22
9778 26
9779 44
9780 30
9781 -12
9782 -10
9783 61
9784 8
9785 45
9786 27
9787 53
9788 28
9789 17
9790 27
9791 37
9792 58
9793 48
9794 45
9795 31
9796 23
9797 27
9798 70
9799 28
9800 58
9801 32
9802 51
9803 33
9804 36
9805 21
9806 53
9807 42
9808 33
9809 20
9810 24
9811 35
9812 56
9813 56
9814 41
9815 31
9816 63
9817 57
9818 12
9819 56
9820 34
9821 42
9822 17
9823 23
9824 42
9825 30
9826 55
9827 44
9828 47
9829 33
9830 41
9831 37
9832 40
9833 23
9834 6
9835 47
9836 11
9837 14
9838 17
9839 12
9840 17
9841 5
9842 25
9843 54
9844 35
9845 11
9846 47
9847 -7
9848 48
9849 22
9850 36
9851 2
9852 35
9853 40
9854 14
9855 27
9856 32
9857 30
9858 66
9859 14
9860 31
9861 21
9862 25
9863 52
9864 57
9865 69
9866 10
9867 19
9868 15
9869 21
9870 18
9871 49
9872 27
9873 34
9874 41
9875 4
9876 28
9877 26
9878 65
9879 73
9880 19
9881 9
9882 11
9883 31
9884 11
9885 47
9886 30
9887 11
9888 18
9889 46
9890 30
9891 70
9892 67
9893 35
9894 -25
9895 26
9896 34
9897 14
9898 3
9899 12
9900 27
9901 31
9902 23
9903 33
9904 20
9905 4
9906 -6
9907 10
9908 13
9909 59
9910 25
9911 29
9912 29
9913 14
9914 4
9915 9
9916 14
9917 16
9918 53
9919 18
9920 31
9921 -6
9922 40
9923 31
9924 6
9925 21
9926 41
9927 -5
9928 35
9929 29
9930 13
9931 38
9932 13
9933 -8
9934 15
9935 19
9936 22
9937 7
9938 20
9939 3
9940 36
9941 -8
9942 31
9943 23
9944 25
9945 -18
9946 34
9947 21
9948 7
9949 -1
9950 32
9951 27
9952 13
9953 9
9954 51
9955 48
9956 -12
9957 -10
9958 -25
9959 -17
9960 42
9961 -4
9962 -3
9963 5
9964 -3
9965 11
9966 14
9967 5
9968 48
9969 6
9970 -9
9971 2
9972 28
9973 10
9974 32
9975 16
9976 7
9977 -27
9978 -5
9979 41
9980 20
9981 8
9982 13
9983 -13
9984 -20
9985 -2
9986 9
9987 -33
9988 13
9989 0
9990 -2
9991 -22
9992 25
9993 18
9994 -7
9995 -10
9996 1
9997 -2
9998 -5
9999 -13
Exec time 0.6846ms 
