Algorithm Flloyd Warshall : 
Distance matrix : 
0 17 10 16 53 41 15 -1 18 -9 
4000000000000000000 0 4000000000000000000 25 4000000000000000000 24 -2 16 1 -8 
4000000000000000000 4000000000000000000 0 27 43 75 19 37 16 7 
4000000000000000000 4000000000000000000 4000000000000000000 0 4000000000000000000 4000000000000000000 4000000000000000000 4000000000000000000 4000000000000000000 32 
4000000000000000000 4000000000000000000 4000000000000000000 4000000000000000000 0 32 49 34 52 26 
4000000000000000000 4000000000000000000 4000000000000000000 4000000000000000000 4000000000000000000 0 17 35 20 11 
4000000000000000000 4000000000000000000 4000000000000000000 4000000000000000000 4000000000000000000 4000000000000000000 0 18 3 -6 
4000000000000000000 4000000000000000000 4000000000000000000 4000000000000000000 4000000000000000000 4000000000000000000 4000000000000000000 0 26 -8 
4000000000000000000 4000000000000000000 4000000000000000000 4000000000000000000 4000000000000000000 4000000000000000000 4000000000000000000 4000000000000000000 0 -9 
4000000000000000000 4000000000000000000 4000000000000000000 4000000000000000000 4000000000000000000 4000000000000000000 4000000000000000000 4000000000000000000 4000000000000000000 0 
Negative cycle : NoneExecution time : 0.0059ms 
